  3200118, -2171886
  2072348, -3265369
   602301, -3820587
  -966735, -3745099
 -2376203, -3051715
 -3394070, -1854732
 -3851620,  -351515
 -3673812,  1209011
 -2889737,  2570783
 -1628452,  3507895
   -99009,  3866448
  1446970,  3586577
  2754239,  2714980
  3606640,  1395680
  3864176,  -154361
  3484174, -1678604
  2529200, -2925986
  1156376, -3690667
  -406869, -3846247
 -1902938, -3367104
 -3085504, -2332273
 -3758523,  -913148
 -3811520,   656931
 -3235594,  2118836
 -2125651,  3230745
  -665550,  3809816
   904873,  3760026
  2325905,  3089805
  3362759,  1910033
  3845254,   414577
  3692829, -1149465
  2931047, -2523405
  1685620, -3481033
   161925, -3864485
 -1388235, -3610130
 -2709534, -2760066
 -3583833, -1454600
 -3866559,    90939
 -3511478,  1621247
 -2577026,  2883996
 -1217228,  3670949
   343439,  3852027
  1847523,  3397434
  3046429,  2382440
  3742741,   974184
  3821436,  -594917
  3269665, -2065678
  2178226, -3195951
   727237, -3798747
  -843390, -3774661
 -2275287, -3127823
 -3331574, -1964858
 -3838020,  -477633
 -3711246,  1088429
 -2972110,  2474683
 -1742831,  3452678
  -225548,  3860854
  1328964,  3632137
  2664030,  2803781
  3559445,  1512706
  3867341,   -27778
  3537318, -1563927
  2623416, -2841873
  1276711, -3651038
  -280582, -3857575
 -1791926, -3427611
 -3007202, -2432273
 -3726534, -1035525
 -3830914,   531984
 -3302791,  2011876
 -2230295,  3159622
  -789474,  3785832
   781520,  3787645
  2223445,  3164175
  3298830,  2018567
  3829432,   540050
  3728377, -1027880
  3012222, -2425985
  1798688, -3424008
   288483, -3857071
 -1269388, -3653500
 -2617824, -2847377
 -3534196, -1571130
 -3867623,   -35649
 -3562794,  1505414
 -2670102,  2798179
 -1336614,  3629162
   217415,  3861335
  1735277,  3456252
  2967080,  2480627
  3709038,  1096064
  3838991,  -469274
  3335449, -1957613
  2281468, -3123112
   851101, -3772985
  -719772, -3800217
 -2171802, -3200422
 -3265650, -2072610
 -3820468,  -603054
 -3744818,   966375
 -3051488,  2376250
 -1854744,  3393647
  -351882,  3851333
  1209222,  3673433
  2570902,  2889101
  3507933,  1628478
  3866093,    98809
  3586444, -1447692
  2714934, -2754441
  1395637, -3607008
  -154504, -3864635
 -1678910, -3484329
 -2926022, -2529662
 -3690650, -1156837
 -3846338,   406739
 -3367305,  1902657
 -2332511,  3084952
  -913150,  3758186
   657240,  3811200
  2119105,  3235232
  3231021,  2125569
  3809804,   664699
  3760048,  -905461
  3089927, -2326062
  1909464, -3363510
   414594, -3845637
 -1149145, -3693140
 -2523551, -2931249
 -3480988, -1685740
 -3864450,  -162252
 -3609946,  1388211
 -2759918,  2709444
 -1454658,  3583445
    90512,  3866409
  1620933,  3511111
  2883975,  2576761
  3670943,  1216952
  3852171,  -343915
  3397594, -1847446
  2382593, -3046673
   973975, -3742998
  -594840, -3821760
 -2065759, -3269696
 -3196309, -2177950
 -3798700,  -727525
 -3774539,   843703
 -3127634,  2275209
 -1964951,  3330995
  -477571,  3837761
  1088558,  3710950
  2474531,  2972098
  3452663,  1742246
  3860897,   225075
  3631849, -1329098
  2803492, -2664437
  1512875, -3559537
   -27565, -3867677
 -1563939, -3537606
 -2841986, -2623792
 -3650986, -1276933
 -3857656,   280507
 -3427793,  1791361
 -2432392,  3007011
 -1035527,  3726175
   532095,  3830600
  2011680,  3302661
  3159681,  2229795
  3785940,   789143
  3787497,  -782140
  3164233, -2224034
  2018620, -3299015
   539954, -3829911
 -1028236, -3728487
 -2426180, -3012177
 -3423874, -1799158
 -3857009,  -288634
 -3653533,  1269073
 -2847245,  2617418
 -1571092,  3534232
   -35901,  3867276
  1505324,  3562321
  2798134,  2669695
  3629257,  1336293
  3861412,  -217624
  3456349, -1735538
  2480815, -2967135
  1096186, -3709228
  -469409, -3839046
 -1958184, -3335426
 -3123147, -2281670
 -3772807,  -851294
 -3800360,   719227
 -3200605,  2171368
 -2072477,  3265580
  -602771,  3820390
   966411,  3744767
  2376339,  3051163
  3393938,  1854327
  3851687,   351487
  3673518, -1209674
  2889375, -2570951
  1628125, -3508333
    98390, -3866630
 -1447187, -3586876
 -2754558, -2715419
 -3607334, -1395546
 -3864930,   154060
 -3484457,  1678416
 -2529461,  2925922
 -1156984,  3690305
   406520,  3845889
  1902497,  3367032
  3085041,  2332264
  3758183,   912560
  3811208,  -657175
  3235363, -2119015
  2125518, -3231302
   664944, -3810349
  -905351, -3760499
 -2326197, -3090189
 -3363488, -1910280
 -3845655,  -414710
 -3693222,  1148919
 -2931334,  2523060
 -1685986,  3480640
  -162440,  3863833
  1387987,  3609754
  2709201,  2759919
  3583493,  1454745
  3866332,   -91043
  3511157, -1621542
  2576444, -2884451
  1216657, -3671388
  -343663, -3852380
 -1847477, -3397927
 -3046568, -2382758
 -3742926,  -974723
 -3821595,   594708
 -3269726,  2065865
 -2178229,  3195729
  -727338,  3798393
   843429,  3774217
  2275108,  3127662
  3331220,  1964519
  3837826,   477296
  3711027, -1088419
  2971569, -2474942
  1742257, -3452874
   225089, -3861170
 -1329282, -3632263
 -2664164, -2803964
 -3559634, -1512936
 -3867560,    27505
 -3537500,  1563225
 -2623660,  2841407
 -1277112,  3650539
   280364,  3857263
  1791529,  3427436
  3006924,  2432133
  3726351,  1035341
  3830667,  -532511
  3302962, -2012016
  2230138, -3159755
   789550, -3786264
  -781629, -3787895
 -2223920, -3164557
 -3299056, -2019007
 -3829936,  -540419
 -3728732,  1027372
 -3012232,  2425731
 -1798563,  3423648
  -288650,  3856607
  1269046,  3653270
  2617804,  2846834
  3534295,  1570723
  3867319,    35442
  3562455, -1505722
  2669595, -2798445
  1336146, -3629586
  -217405, -3861535
 -1735583, -3456369
 -2967185, -2481069
 -3709125, -1096549
 -3839259,   469142
 -3335553,  1957669
 -2281546,  3122822
  -851430,  3772652
   719300,  3800024
  2171407,  3200172
  3265116,  2072436
  3820172,   602969
  3744439,  -966759
  3051111, -2376635
  1854291, -3393901
   351454, -3851700
 -1209460, -3673782
 -2571191, -2889571
 -3508050, -1628633
 -3866370,   -99063
 -3586719,  1447052
 -2715159,  2754219
 -1395909,  3606780
   153868,  3864408
  1678186,  3484277
  2925675,  2529179
  3690290,  1156623
  3846020,  -406569
  3367039, -1902812
  2332188, -3085214
   912676, -3758416
  -657600, -3811553
 -2119253, -3235620
 -3231183, -2125951
 -3810152,  -665239
 -3760362,   905253
 -3090131,  2325850
 -1909890,  3363068
  -414573,  3845183
  1149147,  3692712
  2523022,  2931106
  3480678,  1685539
  3864118,   162145
  3609561, -1388391
  2759909, -2709597
  1454737, -3583563
   -91158, -3866709
 -1621689, -3511260
 -2884252, -2577037
 -3671120, -1217395
 -3852391,   343572
 -3397789,  1847286
 -2382644,  3046310
  -974503,  3742522
   594703,  3821374
  2065635,  3269587
  3195627,  2178138
  3798403,   727334
  3774200,  -843641
  3127618, -2275204
  1964609, -3331447
   477018, -3838237
 -1088692, -3711559
 -2475055, -2972247
 -3453069, -1742808
 -3861084,  -225678
 -3632330,  1328636
 -2804161,  2663533
 -1513164,  3559214
    27521,  3867214
  1563605,  3537234
  2841506,  2623538
  3650510,  1276807
  3857270,  -280460
  3427417, -1791853
  2431973, -3007362
  1035443, -3726534
  -532242, -3830871
 -2012085, -3303247
 -3159726, -2230497
 -3786185,  -789574
 -3787843,   781512
 -3164566,  2223705
 -2019004,  3298674
  -540244,  3829473
  1027536,  3728194
  2425828,  3011951
  3423648,  1798742
  3856530,   288341
  3653166, -1269250
  2846903, -2617792
  1570608, -3534324
    35366, -3867594
 -1505462, -3562697
 -2798235, -2669951
 -3629443, -1336717
 -3861678,   217314
 -3456535,  1735165
 -2481160,  2966670
 -1096418,  3708595
   469340,  3838830
  1957458,  3335524
  3122597,  2281487
  3772495,   851329
  3799789,  -719621
  3200082, -2171909
  2072538, -3265383
   602817, -3820483
  -966805, -3745120
 -2376516, -3051594
 -3394035, -1854927
 -3851678,  -351674
 -3673606,  1209288
 -2889580,  2570390
 -1628622,  3507702
   -98834,  3866077
  1446969,  3586545
  2754211,  2714833
  3606912,  1395150
  3864303,  -154546
  3484321, -1678669
  2529108, -2926067
  1156495, -3690755
  -406927, -3846109
 -1902840, -3367138
 -3084919, -2332608
 -3758467,  -913203
 -3811399,   657142
 -3235709,  2118805
 -2126023,  3230588
  -665288,  3809918
   905244,  3760202
  2326097,  3089960
  3363027,  1909814
  3845253,   414565
  3692742, -1149120
  2931053, -2523452
  1685566, -3481010
   162169, -3864476
 -1388120, -3610026
 -2709620, -2759951
 -3583911, -1454557
 -3866718,    90941
 -3511732,  1620984
 -2577052,  2883973
 -1217091,  3670989
   343194,  3852084
  1847444,  3397439
  3046253,  2382536
  3742611,   974302
  3821496,  -595236
  3269544, -2065860
  2178321, -3195924
   727162, -3798819
  -843472, -3774666
 -2275357, -3127586
 -3331784, -1964543
 -3838043,  -477550
 -3711387,  1088504
 -2972158,  2474787
 -1742655,  3452638
  -225561,  3860804
  1328778,  3631956
  2663679,  2803707
  3559266,  1512805
  3867268,   -27861
  3537071, -1563926
  2623575, -2841447
  1276853, -3650534
  -280711, -3857290
 -1791485, -3427562
 -3006999, -2432554
 -3726620, -1035473
 -3830856,   532261
 -3303342,  2011763
 -2230234,  3159674
  -789306,  3786149
   781229,  3787669
  2223497,  3164176
  3298650,  2018512
  3829482,   539901
  3728376, -1027656
  3011979, -2426023
  1798572, -3423967
   288428, -3856812
 -1269519, -3653314
 -2618027, -2847054
 -3534167, -1571115
 -3867534,   -35771
 -3562612,  1505160
 -2669871,  2798111
 -1336604,  3629441
   217305,  3861419
  1735215,  3456311
  2966824,  2480781
  3708828,  1096034
  3838924,  -469503
  3335288, -1957750
  2281287, -3122960
   851015, -3772882
  -719753, -3800373
 -2171884, -3200614
 -3265593, -2072795
 -3820583,  -603102
 -3745177,   966501
 -3051536,  2376328
 -1854934,  3393681
  -352083,  3851275
  1209193,  3673285
  2570529,  2889387
  3507771,  1628628
  3866271,    98564
  3586555, -1447509
  2715032, -2754426
  1395585, -3607174
  -154467, -3864637
 -1678807, -3484488
 -2925953, -2529479
 -3690612, -1156884
 -3846467,   406320
 -3367498,  1902651
 -2332627,  3084845
  -912819,  3758150
   657203,  3811159
  2118702,  3235126
  3230920,  2125600
  3809620,   664878
  3760058,  -905212
  3089742, -2326316
  1909553, -3363411
   414767, -3845428
 -1149394, -3693019
 -2523315, -2931186
 -3480800, -1686159
 -3864379,  -162236
 -3610077,  1387885
 -2760099,  2708950
 -1454757,  3583499
    90445,  3866360
  1621225,  3511184
  2884066,  2576598
  3670825,  1216918
  3852219,  -343639
  3397602, -1847662
  2382454, -3046825
   974472, -3743046
  -595054, -3821742
 -2066291, -3269825
 -3195875, -2178397
 -3798824,  -727580
 -3774732,   843400
 -3127784,  2275089
 -1964933,  3331499
  -477426,  3837925
  1088698,  3710954
  2474687,  2972169
  3452550,  1742605
  3860939,   225258
  3631757, -1329116
  2803649, -2664294
  1512516, -3559570
   -27980, -3867637
 -1563550, -3537562
 -2841697, -2623668
 -3650884, -1277241
 -3857649,   280127
 -3427733,  1791566
 -2432307,  3007238
 -1035350,  3726443
   532214,  3830715
  2011745,  3302802
  3159575,  2230186
  3786071,   789573
  3787692,  -781840
  3164393, -2223748
  2018726, -3298917
   539752, -3829871
 -1027654, -3728671
 -2425807, -3012506
 -3423992, -1799211
 -3857095,  -288998
 -3653602,  1269302
 -2847383,  2617538
 -1571378,  3533833
   -35691,  3867388
  1505477,  3562360
  2798115,  2669743
  3629157,  1336378
  3861276,  -217204
  3456333, -1735042
  2480903, -2966898
  1095972, -3709007
  -469516, -3839186
 -1957636, -3335602
 -3122830, -2281974
 -3772718,  -851528
 -3800317,   719662
 -3200492,  2171495
 -2072730,  3265175
  -602951,  3820039
   966555,  3744565
  2376140,  3051584
  3393915,  1854543
  3851685,   351449
  3673703, -1209327
  2889578, -2570913
  1628606, -3508056
    99020, -3866429
 -1446927, -3586922
 -2754226, -2715316
 -3607003, -1395691
 -3864563,   153994
 -3484401,  1678297
 -2529087,  2925981
 -1156866,  3690467
   406247,  3846029
  1902639,  3367004
  3084838,  2332277
  3757953,   912698
  3811170,  -657588
  3235330, -2119099
  2125414, -3231347
   664961, -3810164
  -905441, -3760044
 -2326269, -3090005
 -3363295, -1909923
 -3845595,  -414712
 -3693056,  1149065
 -2931328,  2523111
 -1685966,  3480631
  -162357,  3863898
  1387945,  3609656
  2709425,  2759764
  3583566,  1454337
  3866415,   -90790
  3511251, -1621389
  2576420, -2884502
  1217122, -3671323
  -343645, -3852334
 -1847832, -3397941
 -3046473, -2383028
 -3743033,  -974444
 -3821782,   594438
 -3269752,  2065261
 -2178359,  3195543
  -727384,  3798195
   843394,  3774210
  2274875,  3127411
  3331211,  1964481
  3837728,   477333
  3711132, -1088680
  2972019, -2475113
  1742379, -3453127
   225293, -3861175
 -1329353, -3632125
 -2663996, -2804031
 -3559427, -1513211
 -3867703,    27459
 -3537419,  1563597
 -2623998,  2841415
 -1277170,  3650334
   280414,  3857213
  1791434,  3427381
  3006986,  2431925
  3726366,  1035295
  3830702,  -532274
  3303001, -2012063
  2230249, -3159912
   789411, -3786326
  -781570, -3788183
 -2223864, -3164659
 -3299030, -2019121
 -3829869,  -540683
 -3728701,  1027749
 -3012427,  2425730
 -1799017,  3423528
  -288522,  3856816
  1269215,  3653166
  2617641,  2846897
  3533936,  1570653
  3867367,    35568
  3562461, -1505570
  2669533, -2798455
  1336310, -3629479
  -217542, -3861623
 -1735238, -3456482
 -2966986, -2481269
 -3709039, -1096326
 -3839016,   469301
 -3335720,  1957345
 -2281715,  3122829
  -851496,  3772475
   719294,  3799769
  2171389,  3200253
  3264973,  2072345
  3820216,   602906
  3744561,  -966825
  3051230, -2376754
  1854699, -3393802
   351304, -3851743
 -1209466, -3673836
 -2570820, -2889710
 -3508124, -1628839
 -3866297,   -99029
 -3586774,  1446817
 -2715286,  2753995
 -1395867,  3606763
   154002,  3864425
  1678398,  3484266
  2925888,  2529038
  3690438,  1156466
  3846113,  -406672
  3367151, -1902760
  2332235, -3085414
   912979, -3758585
  -657173, -3811522
 -2118970, -3235765
 -3231011, -2125951
 -3810054,  -665452
 -3760294,   905071
 -3090229,  2326102
 -1910063,  3363137
  -414831,  3845412
  1148976,  3692835
  2523056,  2931109
  3480470,  1685667
  3863899,   161980
  3609648, -1388136
  2759841, -2709525
  1454385, -3583811
   -91093, -3866761
 -1621461, -3511417
 -2884286, -2576832
 -3670991, -1217327
 -3852512,   343459
 -3397962,  1847362
 -2382576,  3046428
  -974344,  3742757
   594605,  3821470
  2065355,  3269782
  3195696,  2178287
  3798405,   727416
  3774256,  -843492
  3127353, -2275351
  1964572, -3331496
   477337, -3837975
 -1088739, -3711323
 -2474799, -2972347
 -3453060, -1742692
 -3861308,  -225507
 -3632444,  1328525
 -2804172,  2663595
 -1513261,  3559201
    27307,  3867308
  1563623,  3537250
  2841304,  2623635
  3650547,  1276985
  3857271,  -280671
  3427234, -1791922
  2432090, -3007152
  1035176, -3726338
  -532337, -3830946
 -2011830, -3303292
 -3159709, -2230437
 -3786337,  -789718
 -3788049,   781273
 -3164575,  2223672
 -2019114,  3298796
  -540281,  3829652
  1027543,  3728532
  2425706,  3012243
  3423627,  1798984
  3856468,   288333
  3653245, -1269389
  2846924, -2617768
  1570867, -3534242
    35785, -3867455
 -1505713, -3562421
 -2798549, -2669516
 -3629304, -1336621
 -3861523,   217075
 -3456578,  1734997
 -2481082,  2966744
 -1096256,  3708766
   469252,  3838792
  1957290,  3335496
  3122609,  2281554
  3772689,   851254
  3800011,  -719499
  3200319, -2171488
  2072250, -3265534
   602142, -3820456
  -966525, -3744895
 -2376017, -3051750
 -3394152, -1854631
 -3851685,  -351773
 -3673773,  1209159
 -2889799,  2570542
 -1628536,  3507759
   -98967,  3866201
  1446987,  3586420
  2754170,  2715061
  3606688,  1395338
  3864429,  -154357
  3484005, -1678740
  2528991, -2926231
  1156891, -3690474
  -406660, -3846367
 -1902821, -3367382
 -3085098, -2332444
 -3758296,  -912986
 -3811444,   656813
 -3235640,  2118639
 -2125605,  3230960
  -665449,  3809920
   904743,  3760100
  2325956,  3089605
  3362836,  1909768
  3845019,   414503
  3692734, -1149362
  2931097, -2523405
  1685702, -3481240
   162039, -3864459
 -1388268, -3609966
 -2709682, -2759821
 -3583835, -1454499
 -3866707,    90763
 -3511494,  1621207
 -2577083,  2883980
 -1217071,  3670932
   343692,  3852190
  1847089,  3397737
  3046286,  2382587
  3742713,   973908
  3821642,  -594914
  3269826, -2065544
  2178264, -3195939
   727483, -3798601
  -843442, -3774613
 -2275298, -3127789
 -3331781, -1964653
 -3838114,  -477295
 -3711421,  1088412
 -2972470,  2474524
 -1742750,  3452702
  -225466,  3860883
  1328763,  3631980
  2663529,  2803646
  3559093,  1512927
  3867342,   -27502
  3537137, -1563711
  2623269, -2841718
  1276654, -3650707
  -280471, -3857528
 -1791628, -3427641
 -3007291, -2432049
 -3726505, -1035782
 -3830875,   531883
 -3303173,  2011725
 -2230578,  3159372
  -789512,  3786085
   781575,  3787613
  2223404,  3164245
  3298727,  2018738
  3829420,   539852
  3728587, -1027647
  3012345, -2425815
  1798670, -3423917
   288560, -3856912
 -1269583, -3653568
 -2617975, -2847289
 -3534037, -1571559
 -3867419,   -35968
 -3562500,  1505472
 -2670014,  2797888
 -1337079,  3629080
   217089,  3861346
  1735346,  3456299
  2966771,  2480802
  3708687,  1096344
  3838882,  -469279
  3335376, -1957793
  2281582, -3123000
   851255, -3772957
  -719544, -3800364
 -2171579, -3200937
 -3265663, -2072634
 -3820533,  -603024
 -3745039,   965905
 -3051760,  2376040
 -1854753,  3393529
  -351655,  3851419
  1209364,  3673532
  2570499,  2889482
  3507827,  1628700
  3866351,    99100
  3586605, -1446989
  2715227, -2754395
  1395751, -3607126
  -154191, -3864798
 -1678689, -3484678
 -2925993, -2529635
 -3690589, -1156937
 -3846330,   406387
 -3367328,  1902615
 -2332970,  3084963
  -913337,  3758061
   656996,  3811185
  2118726,  3235329
  3230995,  2125459
  3809871,   664950
  3760002,  -905104
  3089706, -2326078
  1909742, -3363206
   414315, -3845291
 -1149423, -3693114
 -2523262, -2931461
 -3481038, -1685945
 -3864435,  -162336
 -3609981,  1388193
 -2760182,  2709269
 -1455247,  3583200
    90688,  3866392
  1621290,  3511113
  2883804,  2576599
  3670886,  1216909
  3852138,  -343869
  3397654, -1847687
  2382666, -3046693
   974412, -3742836
  -594839, -3821811
 -2065802, -3269946
 -3195995, -2178414
 -3798703,  -727829
 -3774597,   843268
 -3127902,  2274930
 -1964804,  3331124
  -477496,  3837916
  1088248,  3711241
  2474665,  2971881
  3452822,  1742363
  3860853,   225439
  3631817, -1329033
  2803667, -2663881
  1512748, -3559291
   -27952, -3867560
 -1563569, -3537570
 -2841477, -2623815
 -3650878, -1277038
 -3857557,   280231
 -3427822,  1791297
 -2432357,  3006883
 -1035710,  3726197
   531925,  3830547
  2011890,  3302912
  3159573,  2230207
  3786088,   789501
  3787689,  -781630
  3164153, -2223943
  2018786, -3299006
   540426, -3829870
 -1027443, -3728628
 -2426024, -3012215
 -3424035, -1798913
 -3857050,  -288536
 -3653682,  1269041
 -2847397,  2617523
 -1571288,  3534184
   -35992,  3867258
  1505157,  3562436
  2798083,  2669618
  3629083,  1336257
  3861248,  -217324
  3456294, -1735271
  2480796, -2966986
  1096445, -3709080
  -469246, -3839187
 -1957801, -3335763
 -3122796, -2282013
 -3772694,  -851561
 -3800109,   719319
 -3200556,  2171402
 -2072683,  3265202
  -602763,  3820137
   966411,  3744745
  2376133,  3051285
  3393823,  1854585
  3851501,   351508
  3673370, -1209639
  2889464, -2570763
  1628558, -3508000
    98656, -3866391
 -1447248, -3586723
 -2754407, -2715299
 -3606927, -1395871
 -3864453,   154045
 -3484341,  1678482
 -2529421,  2925805
 -1156937,  3690362
   406538,  3845947
  1902583,  3366892
  3084897,  2332280
  3758171,   912857
  3811295,  -657121
  3235372, -2118782
  2125597, -3231027
   665126, -3810006
  -905130, -3760247
 -2326162, -3090064
 -3363326, -1910054
 -3845543,  -414748
 -3693388,  1148704
 -2931565,  2522752
 -1686008,  3480726
  -162157,  3863939
  1388049,  3609768
  2709310,  2759773
  3583704,  1454414
  3866555,   -90786
  3511379, -1621320
  2576738, -2884264
  1217125, -3671228
  -343704, -3852597
 -1847598, -3398098
 -3046526, -2382903
 -3742896,  -974603
 -3821670,   594714
 -3270034,  2065494
 -2178394,  3195577
  -727430,  3798382
   843254,  3774212
  2274754,  3127696
  3331172,  1964523
  3837996,   477159
  3711314, -1088261
  2971830, -2474711
  1741999, -3453109
   225258, -3861206
 -1329202, -3632236
 -2664142, -2804140
 -3559350, -1513187
 -3867730,    27487
 -3537438,  1563540
 -2623738,  2841537
 -1277021,  3650516
