  4095,    21
  4095,    41
  4095,    61
  4095,    83
  4094,   104
  4093,   124
  4093,   146
  4092,   167
  4091,   187
  4090,   209
  4089,   229
  4088,   251
  4086,   270
  4085,   292
  4083,   312
  4082,   334
  4080,   355
  4078,   375
  4076,   397
  4074,   417
  4072,   439
  4069,   459
  4067,   481
  4065,   500
  4062,   520
  4059,   544
  4057,   562
  4053,   584
  4050,   604
  4047,   626
  4044,   648
  4041,   666
  4037,   688
  4034,   708
  4030,   728
  4026,   750
  4022,   770
  4018,   792
  4014,   810
  4010,   832
  4005,   853
  4001,   872
  3997,   893
  3992,   913
  3987,   934
  3983,   954
  3978,   974
  3973,   994
  3967,  1015
  3962,  1035
  3957,  1056
  3951,  1076
  3946,  1097
  3940,  1117
  3934,  1136
  3929,  1156
  3922,  1177
  3916,  1197
  3910,  1216
  3904,  1237
  3897,  1258
  3891,  1276
  3884,  1297
  3878,  1316
  3871,  1336
  3864,  1356
  3857,  1376
  3850,  1395
  3843,  1414
  3836,  1433
  3828,  1455
  3821,  1474
  3813,  1493
  3806,  1512
  3798,  1533
  3789,  1553
  3782,  1570
  3774,  1589
  3766,  1610
  3757,  1630
  3749,  1648
  3740,  1667
  3732,  1686
  3724,  1704
  3714,  1724
  3706,  1743
  3696,  1763
  3688,  1781
  3679,  1799
  3670,  1818
  3660,  1837
  3651,  1856
  3641,  1874
  3632,  1892
  3622,  1911
  3611,  1931
  3602,  1949
  3592,  1967
  3582,  1985
  3571,  2004
  3561,  2022
  3551,  2039
  3540,  2058
  3530,  2076
  3519,  2094
  3509,  2111
  3498,  2129
  3486,  2149
  3476,  2165
  3465,  2183
  3453,  2202
  3442,  2219
  3431,  2236
  3419,  2253
  3408,  2270
  3395,  2290
  3384,  2306
  3373,  2322
  3361,  2339
  3349,  2357
  3336,  2375
  3324,  2392
  3311,  2410
  3299,  2426
  3286,  2444
  3274,  2460
  3261,  2476
  3249,  2493
  3236,  2510
  3223,  2526
  3211,  2541
  3197,  2559
  3185,  2574
  3170,  2592
  3157,  2608
  3144,  2624
  3131,  2640
  3118,  2655
  3103,  2672
  3090,  2687
  3077,  2703
  3063,  2718
  3050,  2733
  3034,  2751
  3019,  2767
  3005,  2782
  2991,  2797
  2977,  2812
  2963,  2827
  2948,  2842
  2933,  2858
  2919,  2872
  2905,  2886
  2890,  2902
  2875,  2916
  2860,  2930
  2845,  2946
  2830,  2960
  2815,  2974
  2799,  2989
  2784,  3003
  2769,  3017
  2754,  3031
  2738,  3045
  2723,  3059
  2706,  3074
  2691,  3087
  2675,  3100
  2659,  3115
  2643,  3128
  2626,  3142
  2611,  3155
  2596,  3167
  2579,  3181
  2563,  3194
  2545,  3209
  2530,  3220
  2514,  3233
  2496,  3246
  2480,  3259
  2464,  3271
  2446,  3284
  2429,  3297
  2412,  3309
  2396,  3321
  2379,  3333
  2361,  3346
  2344,  3358
  2326,  3370
  2309,  3382
  2294,  3392
  2276,  3405
  2256,  3418
  2240,  3428
  2223,  3439
  2206,  3450
  2186,  3463
  2170,  3473
  2151,  3484
  2134,  3495
  2117,  3506
  2096,  3518
  2079,  3528
  2061,  3539
  2044,  3549
  2026,  3559
  2007,  3570
  1989,  3580
  1971,  3590
  1953,  3599
  1934,  3610
  1917,  3619
  1896,  3630
  1878,  3639
  1861,  3648
  1842,  3658
  1822,  3668
  1805,  3676
  1785,  3685
  1766,  3695
  1746,  3704
  1727,  3713
  1707,  3722
  1690,  3730
  1671,  3739
  1650,  3748
  1633,  3756
  1612,  3764
  1595,  3772
  1573,  3781
  1555,  3789
  1536,  3796
  1517,  3804
  1496,  3812
  1479,  3819
  1457,  3827
  1439,  3834
  1417,  3842
  1401,  3848
  1380,  3856
  1361,  3863
  1340,  3870
  1319,  3877
  1300,  3883
  1280,  3890
  1260,  3897
  1239,  3903
  1221,  3909
  1200,  3916
  1180,  3922
  1159,  3928
  1139,  3934
  1121,  3939
  1099,  3945
  1080,  3950
  1059,  3956
  1040,  3961
  1020,  3966
  1000,  3971
   979,  3977
   957,  3982
   937,  3987
   919,  3991
   898,  3996
   876,  4000
   858,  4004
   836,  4009
   815,  4013
   795,  4017
   773,  4022
   751,  4026
   733,  4029
   711,  4033
   690,  4037
   671,  4040
   649,  4043
   631,  4046
   607,  4050
   589,  4053
   567,  4056
   548,  4058
   525,  4062
   506,  4064
   484,  4067
   463,  4069
   441,  4072
   422,  4074
   402,  4076
   381,  4078
   358,  4080
   339,  4081
   319,  4083
   297,  4085
   276,  4086
   254,  4087
   233,  4089
   212,  4090
   190,  4091
   170,  4092
   149,  4093
   129,  4093
   109,  4094
    88,  4094
    68,  4095
    44,  4095
    24,  4095
     3,  4095
   -17,  4095
   -37,  4095
   -59,  4095
   -78,  4095
  -100,  4094
  -122,  4094
  -143,  4093
  -164,  4092
  -185,  4091
  -204,  4090
  -227,  4089
  -246,  4088
  -266,  4087
  -288,  4085
  -310,  4084
  -331,  4082
  -351,  4080
  -371,  4079
  -393,  4076
  -414,  4074
  -434,  4072
  -457,  4070
  -478,  4067
  -498,  4065
  -518,  4063
  -538,  4060
  -560,  4057
  -579,  4054
  -601,  4051
  -622,  4048
  -643,  4045
  -664,  4041
  -683,  4038
  -703,  4035
  -725,  4031
  -746,  4027
  -766,  4023
  -786,  4019
  -809,  4015
  -829,  4011
  -849,  4006
  -871,  4002
  -891,  3997
  -911,  3993
  -929,  3989
  -951,  3984
  -972,  3978
  -990,  3974
 -1013,  3968
 -1033,  3963
 -1053,  3958
 -1072,  3953
 -1094,  3947
 -1112,  3942
 -1133,  3936
 -1154,  3930
 -1174,  3924
 -1193,  3918
 -1214,  3911
 -1234,  3905
 -1253,  3899
 -1274,  3892
 -1292,  3886
 -1313,  3879
 -1334,  3872
 -1351,  3866
 -1374,  3858
 -1393,  3851
 -1412,  3844
 -1431,  3837
 -1450,  3830
 -1471,  3822
 -1491,  3814
 -1509,  3807
 -1529,  3799
 -1548,  3792
 -1567,  3784
 -1587,  3775
 -1605,  3768
 -1626,  3759
 -1644,  3751
 -1664,  3742
 -1684,  3733
 -1701,  3726
 -1721,  3716
 -1740,  3708
 -1759,  3698
 -1778,  3690
 -1796,  3681
 -1817,  3670
 -1834,  3662
 -1852,  3653
 -1871,  3643
 -1890,  3633
 -1908,  3624
 -1928,  3614
 -1946,  3604
 -1964,  3594
 -1982,  3584
 -1999,  3574
 -2020,  3563
 -2039,  3552
 -2054,  3543
 -2074,  3531
 -2092,  3521
 -2111,  3510
 -2128,  3499
 -2146,  3489
 -2164,  3477
 -2182,  3466
 -2198,  3456
 -2216,  3444
 -2233,  3433
 -2253,  3420
 -2267,  3411
 -2286,  3399
 -2304,  3386
 -2321,  3375
 -2338,  3363
 -2354,  3351
 -2371,  3340
 -2390,  3326
 -2406,  3315
 -2423,  3302
 -2441,  3289
 -2457,  3277
 -2474,  3264
 -2490,  3252
 -2509,  3238
 -2523,  3226
 -2541,  3212
 -2556,  3201
 -2574,  3186
 -2590,  3173
 -2606,  3160
 -2621,  3147
 -2638,  3133
 -2653,  3121
 -2670,  3106
 -2685,  3093
 -2701,  3079
 -2718,  3064
 -2733,  3051
 -2747,  3038
 -2763,  3023
 -2779,  3008
 -2794,  2994
 -2809,  2980
 -2825,  2965
 -2839,  2952
 -2855,  2937
 -2870,  2922
 -2884,  2908
 -2901,  2892
 -2914,  2878
 -2928,  2864
 -2945,  2847
 -2959,  2832
 -2973,  2817
 -2988,  2801
 -3002,  2787
 -3016,  2772
 -3030,  2756
 -3043,  2741
 -3058,  2725
 -3071,  2710
 -3085,  2694
 -3098,  2679
 -3113,  2662
 -3126,  2647
 -3139,  2631
 -3152,  2615
 -3166,  2598
 -3180,  2581
 -3193,  2566
 -3207,  2548
 -3219,  2532
 -3233,  2515
 -3245,  2499
 -3257,  2484
 -3270,  2466
 -3283,  2449
 -3296,  2431
 -3308,  2416
 -3320,  2399
 -3332,  2382
 -3345,  2364
 -3357,  2347
 -3368,  2331
 -3380,  2313
 -3392,  2295
 -3405,  2277
 -3416,  2260
 -3427,  2243
 -3438,  2226
 -3450,  2207
 -3461,  2190
 -3472,  2173
 -3484,  2154
 -3494,  2138
 -3505,  2119
 -3515,  2103
 -3527,  2083
 -3537,  2065
 -3547,  2048
 -3558,  2030
 -3568,  2012
 -3578,  1993
 -3588,  1975
 -3599,  1956
 -3608,  1939
 -3619,  1918
 -3629,  1899
 -3638,  1882
 -3647,  1864
 -3658,  1843
 -3666,  1826
 -3675,  1808
 -3685,  1788
 -3694,  1770
 -3703,  1751
 -3712,  1731
 -3721,  1713
 -3730,  1693
 -3738,  1676
 -3747,  1656
 -3755,  1637
 -3763,  1618
 -3772,  1598
 -3779,  1579
 -3788,  1559
 -3796,  1540
 -3804,  1520
 -3811,  1501
 -3819,  1482
 -3827,  1461
 -3834,  1442
 -3842,  1421
 -3848,  1404
 -3855,  1384
 -3863,  1362
 -3869,  1344
 -3876,  1325
 -3883,  1303
 -3890,  1283
 -3896,  1266
 -3903,  1243
 -3909,  1224
 -3915,  1204
 -3922,  1183
 -3927,  1165
 -3934,  1142
 -3938,  1126
 -3945,  1103
 -3950,  1085
 -3956,  1064
 -3961,  1044
 -3966,  1023
 -3972,  1003
 -3977,   982
 -3982,   962
 -3987,   940
 -3991,   921
 -3996,   901
 -4000,   881
 -4005,   861
 -4010,   838
 -4013,   821
 -4018,   799
 -4022,   776
 -4026,   758
 -4029,   738
 -4033,   714
 -4037,   696
 -4040,   676
 -4044,   654
 -4047,   634
 -4050,   614
 -4053,   593
 -4056,   572
 -4059,   551
 -4062,   528
 -4064,   511
 -4067,   489
 -4070,   467
 -4072,   447
 -4074,   425
 -4076,   403
 -4078,   383
 -4080,   363
 -4082,   342
 -4084,   320
 -4085,   301
 -4087,   280
 -4088,   258
 -4089,   237
 -4091,   218
 -4092,   196
 -4093,   176
 -4093,   154
 -4094,   134
 -4095,   113
 -4095,    91
 -4096,    69
 -4096,    49
 -4096,    28
 -4096,    10
 -4096,   -14
 -4096,   -34
 -4096,   -55
 -4096,   -77
 -4095,   -99
 -4095,  -117
 -4094,  -138
 -4093,  -160
 -4092,  -182
 -4091,  -202
 -4090,  -224
 -4089,  -244
 -4088,  -265
 -4087,  -284
 -4085,  -306
 -4083,  -328
 -4082,  -348
 -4080,  -368
 -4078,  -390
 -4076,  -410
 -4074,  -429
 -4072,  -451
 -4069,  -471
 -4066,  -495
 -4064,  -515
 -4062,  -534
 -4059,  -556
 -4056,  -574
 -4053,  -597
 -4050,  -618
 -4046,  -638
 -4043,  -660
 -4039,  -681
 -4036,  -701
 -4033,  -720
 -4029,  -742
 -4025,  -763
 -4021,  -782
 -4017,  -803
 -4013,  -823
 -4009,  -843
 -4004,  -865
 -3999,  -886
 -3995,  -905
 -3990,  -926
 -3985,  -948
 -3981,  -967
 -3975,  -989
 -3971, -1007
 -3965, -1028
 -3960, -1048
 -3954, -1069
 -3949, -1088
 -3944, -1109
 -3938, -1128
 -3932, -1149
 -3926, -1169
 -3920, -1190
 -3914, -1208
 -3908, -1229
 -3901, -1250
 -3894, -1271
 -3888, -1289
 -3882, -1308
 -3875, -1329
 -3868, -1348
 -3861, -1368
 -3853, -1390
 -3847, -1409
 -3839, -1428
 -3832, -1447
 -3824, -1468
 -3818, -1485
 -3810, -1506
 -3802, -1525
 -3794, -1544
 -3787, -1563
 -3779, -1582
 -3770, -1602
 -3762, -1622
 -3754, -1641
 -3745, -1661
 -3737, -1678
 -3728, -1698
 -3719, -1717
 -3710, -1737
 -3701, -1757
 -3692, -1775
 -3683, -1793
 -3673, -1813
 -3664, -1831
 -3655, -1850
 -3645, -1869
 -3637, -1886
 -3627, -1904
 -3618, -1922
 -3607, -1942
 -3596, -1962
 -3587, -1979
 -3576, -1998
 -3567, -2015
 -3556, -2034
 -3545, -2053
 -3536, -2069
 -3524, -2088
 -3514, -2105
 -3503, -2123
 -3491, -2143
 -3481, -2159
 -3471, -2176
 -3459, -2195
 -3447, -2214
 -3437, -2229
 -3425, -2248
 -3413, -2265
 -3400, -2284
 -3390, -2300
 -3378, -2317
 -3366, -2335
 -3354, -2352
 -3341, -2370
 -3330, -2386
 -3318, -2403
 -3305, -2421
 -3293, -2437
 -3280, -2455
 -3267, -2471
 -3255, -2487
 -3241, -2505
 -3229, -2521
 -3216, -2537
 -3205, -2552
 -3190, -2570
 -3177, -2586
 -3163, -2603
 -3150, -2619
 -3137, -2635
 -3124, -2650
 -3110, -2667
 -3095, -2683
 -3083, -2698
 -3069, -2713
 -3054, -2731
 -3042, -2744
 -3026, -2761
 -3013, -2776
 -3000, -2790
 -2985, -2806
 -2969, -2823
 -2957, -2836
 -2941, -2851
 -2927, -2866
 -2912, -2882
 -2896, -2897
 -2882, -2912
 -2866, -2927
 -2852, -2940
 -2838, -2954
 -2823, -2969
 -2806, -2985
 -2791, -2999
 -2776, -3013
 -2760, -3027
 -2745, -3041
 -2731, -3054
 -2714, -3068
 -2697, -3084
 -2682, -3096
 -2667, -3110
 -2650, -3124
 -2636, -3136
 -2618, -3151
 -2601, -3165
 -2586, -3177
 -2570, -3190
 -2554, -3203
 -2537, -3216
 -2521, -3229
 -2502, -3243
 -2487, -3255
 -2471, -3267
 -2452, -3281
 -2438, -3292
 -2421, -3305
 -2404, -3317
 -2386, -3330
 -2370, -3341
 -2353, -3353
 -2335, -3366
 -2318, -3377
 -2301, -3389
 -2283, -3401
 -2266, -3413
 -2248, -3425
 -2231, -3436
 -2214, -3447
 -2196, -3458
 -2176, -3471
 -2160, -3481
 -2142, -3492
 -2123, -3503
 -2105, -3514
 -2087, -3525
 -2070, -3535
 -2053, -3545
 -2032, -3557
 -2016, -3566
 -1997, -3577
 -1980, -3586
 -1961, -3597
 -1942, -3607
 -1922, -3618
 -1904, -3627
 -1887, -3636
 -1869, -3645
 -1850, -3655
 -1831, -3664
 -1813, -3673
 -1792, -3684
 -1774, -3693
 -1754, -3702
 -1735, -3711
 -1717, -3719
 -1700, -3727
 -1680, -3736
 -1660, -3745
 -1642, -3753
 -1622, -3762
 -1603, -3770
 -1583, -3778
 -1563, -3787
 -1544, -3794
 -1523, -3803
 -1505, -3810
 -1488, -3817
 -1468, -3824
 -1447, -3832
 -1428, -3839
 -1408, -3847
 -1387, -3855
 -1369, -3861
 -1348, -3868
 -1331, -3874
 -1310, -3881
 -1289, -3888
 -1271, -3894
 -1249, -3902
 -1229, -3908
 -1210, -3914
 -1190, -3920
 -1171, -3926
 -1148, -3932
 -1130, -3938
 -1110, -3943
 -1089, -3949
 -1069, -3954
 -1048, -3960
 -1027, -3966
 -1007, -3971
  -987, -3976
  -969, -3980
  -946, -3986
  -925, -3991
  -905, -3995
  -885, -4000
  -865, -4004
  -843, -4009
  -823, -4013
  -803, -4017
  -783, -4021
  -763, -4025
  -742, -4029
  -720, -4033
  -700, -4036
  -681, -4039
  -660, -4043
  -639, -4046
  -619, -4049
  -597, -4053
  -577, -4056
  -556, -4059
  -535, -4061
  -515, -4064
  -492, -4067
  -471, -4069
  -453, -4071
  -431, -4074
  -412, -4076
  -389, -4078
  -368, -4080
  -348, -4082
  -326, -4083
  -307, -4085
  -285, -4086
  -265, -4088
  -243, -4089
  -224, -4090
  -201, -4091
  -182, -4092
  -161, -4093
  -139, -4094
  -119, -4095
   -97, -4095
   -75, -4096
   -53, -4096
   -34, -4096
   -14, -4096
     8, -4096
    27, -4096
    50, -4096
    72, -4096
    93, -4095
   112, -4095
   134, -4094
   154, -4093
   176, -4093
   196, -4092
   215, -4091
   237, -4089
   261, -4088
   278, -4087
   300, -4085
   323, -4084
   344, -4082
   363, -4080
   384, -4078
   406, -4076
   427, -4074
   447, -4072
   466, -4070
   488, -4067
   511, -4064
   530, -4062
   550, -4059
   572, -4056
   593, -4053
   612, -4050
   634, -4047
   655, -4043
   674, -4040
   694, -4037
   717, -4033
   736, -4030
   756, -4026
   776, -4022
   798, -4018
   818, -4014
   841, -4009
   859, -4005
   881, -4000
   902, -3996
   921, -3991
   940, -3987
   962, -3982
   982, -3977
  1001, -3972
  1023, -3966
  1043, -3961
  1062, -3956
  1084, -3950
  1103, -3945
  1124, -3939
  1145, -3933
  1164, -3927
  1183, -3922
  1203, -3916
  1224, -3909
  1243, -3903
  1263, -3897
  1283, -3890
  1304, -3883
  1325, -3876
  1343, -3870
  1364, -3862
  1384, -3855
  1404, -3848
  1423, -3841
  1442, -3834
  1461, -3827
  1482, -3819
  1502, -3811
  1520, -3804
  1541, -3795
  1560, -3787
  1578, -3780
  1598, -3772
  1618, -3763
  1636, -3755
  1657, -3746
  1674, -3738
  1693, -3730
  1711, -3721
  1733, -3711
  1751, -3703
  1771, -3693
  1790, -3684
  1808, -3675
  1825, -3667
  1846, -3657
  1864, -3647
  1882, -3638
  1900, -3629
  1918, -3619
  1936, -3609
  1956, -3599
  1974, -3589
  1993, -3578
  2011, -3569
  2030, -3558
  2048, -3547
  2065, -3537
  2084, -3526
  2102, -3516
  2121, -3504
  2138, -3494
  2155, -3483
  2173, -3472
  2191, -3460
  2207, -3450
  2227, -3438
  2244, -3426
  2260, -3416
  2278, -3404
  2295, -3392
  2313, -3380
  2329, -3369
  2347, -3357
  2364, -3345
  2382, -3332
  2399, -3320
  2417, -3307
  2432, -3295
  2450, -3282
  2466, -3270
  2483, -3258
  2499, -3245
  2516, -3232
  2532, -3219
  2548, -3207
  2566, -3193
  2581, -3180
  2598, -3166
  2614, -3153
  2630, -3140
  2647, -3126
  2662, -3113
  2678, -3099
  2694, -3085
  2711, -3070
  2726, -3057
  2740, -3044
  2756, -3030
  2773, -3015
  2787, -3002
  2804, -2986
  2819, -2972
  2832, -2959
  2848, -2944
  2864, -2928
  2878, -2914
  2892, -2901
  2908, -2884
  2922, -2870
  2936, -2856
  2951, -2840
  2966, -2824
  2982, -2808
  2994, -2794
  3009, -2778
  3023, -2763
  3037, -2748
  3052, -2732
  3064, -2718
  3079, -2701
  3092, -2686
  3107, -2669
  3121, -2653
  3134, -2637
  3147, -2621
  3161, -2604
  3174, -2589
  3187, -2573
  3200, -2557
  3212, -2541
  3225, -2525
  3239, -2507
  3252, -2490
  3265, -2472
  3277, -2457
  3290, -2440
  3301, -2425
  3314, -2407
  3327, -2389
  3339, -2372
  3350, -2356
  3362, -2339
  3374, -2322
  3386, -2304
  3399, -2286
  3409, -2270
  3421, -2252
  3433, -2233
  3444, -2216
  3454, -2200
  3467, -2180
  3479, -2162
  3489, -2144
  3499, -2128
  3511, -2110
  3522, -2091
  3532, -2073
  3543, -2055
  3552, -2039
  3563, -2020
  3574, -1999
  3584, -1983
  3594, -1964
  3604, -1946
  3614, -1928
  3623, -1910
  3633, -1890
  3642, -1873
  3652, -1854
  3661, -1836
  3671, -1816
  3680, -1798
  3690, -1778
  3698, -1759
  3707, -1741
  3716, -1722
  3726, -1701
  3733, -1684
  3742, -1664
  3750, -1647
  3759, -1626
  3767, -1608
  3776, -1586
  3784, -1567
  3792, -1548
  3800, -1528
  3807, -1509
  3815, -1490
  3822, -1472
  3830, -1450
  3837, -1431
  3844, -1414
  3852, -1391
  3858, -1374
  3866, -1353
  3873, -1332
  3880, -1311
  3885, -1295
  3892, -1274
  3899, -1255
  3905, -1235
  3911, -1214
  3918, -1193
  3924, -1174
  3930, -1154
  3935, -1134
  3941, -1115
  3947, -1092
  3953, -1072
  3958, -1053
  3963, -1033
  3968, -1013
  3974,  -992
  3978,  -972
  3983,  -952
  3988,  -931
  3993,  -909
  3998,  -889
  4002,  -868
  4006,  -849
  4011,  -826
  4015,  -808
  4019,  -788
  4023,  -765
  4027,  -745
  4031,  -725
  4034,  -705
  4038,  -684
  4041,  -663
  4045,  -643
  4048,  -621
  4051,  -602
  4054,  -582
  4057,  -559
  4060,  -538
  4063,  -517
  4065,  -496
  4067,  -478
  4070,  -456
  4072,  -435
  4074,  -414
  4076,  -393
  4078,  -374
  4080,  -351
  4082,  -329
  4084,  -310
  4085,  -288
  4087,  -266
  4088,  -246
  4089,  -227
  4090,  -205
  4091,  -183
  4092,  -164
  4093,  -141
  4094,  -121
  4094,  -102
  4095,   -80
  4095,   -58
  4095,   -39
  4095,   -18
  4095,     3
  4095,    24
  4095,    44
  4095,    66
  4094,    88
  4094,   109
  4093,   129
  4093,   151
  4092,   171
  4091,   193
  4090,   214
  4089,   233
  4087,   256
  4086,   275
  4085,   295
  4083,   319
  4081,   339
  4080,   358
  4078,   380
  4076,   400
  4074,   420
  4072,   441
  4069,   463
  4067,   483
  4064,   506
  4062,   525
  4059,   547
  4056,   567
  4053,   589
  4050,   609
  4046,   631
  4043,   649
  4040,   671
  4037,   691
  4033,   711
  4029,   733
  4025,   753
  4021,   775
  4017,   795
  4014,   813
  4009,   835
  4005,   856
  4000,   876
  3996,   898
  3991,   917
  3987,   937
  3982,   957
  3976,   980
  3971,  1000
  3967,  1018
  3961,  1040
  3955,  1061
  3950,  1080
  3945,  1099
  3939,  1121
  3934,  1139
  3928,  1159
  3922,  1180
  3916,  1200
  3909,  1221
  3903,  1240
  3896,  1261
  3890,  1280
  3883,  1300
  3877,  1319
  3870,  1340
  3864,  1358
  3856,  1379
  3849,  1398
  3842,  1418
  3835,  1438
  3827,  1458
  3820,  1476
  3812,  1496
  3805,  1515
  3796,  1536
  3788,  1556
  3780,  1576
  3772,  1594
  3764,  1614
  3756,  1633
  3747,  1651
  3739,  1671
  3730,  1690
  3722,  1709
  3712,  1729
  3704,  1747
  3696,  1764
  3685,  1785
  3677,  1804
  3668,  1822
  3658,  1840
  3648,  1860
  3639,  1878
  3629,  1898
  3619,  1916
  3610,  1934
  3599,  1953
  3590,  1971
  3580,  1989
  3570,  2007
  3560,  2024
  3548,  2045
  3539,  2061
  3528,  2079
  3517,  2098
  3507,  2115
  3495,  2134
  3484,  2153
  3474,  2169
  3463,  2186
  3452,  2203
  3439,  2223
  3429,  2239
  3417,  2257
  3406,  2274
  3393,  2293
  3382,  2309
  3369,  2328
  3358,  2344
  3346,  2361
  3334,  2378
  3321,  2396
  3309,  2412
  3296,  2430
  3284,  2446
  3272,  2463
  3260,  2479
  3245,  2498
  3234,  2513
  3221,  2529
  3209,  2545
  3196,  2561
  3182,  2578
  3168,  2595
  3155,  2611
  3141,  2627
  3128,  2643
  3115,  2659
  3101,  2674
  3088,  2690
  3073,  2707
  3060,  2721
  3045,  2738
  3033,  2752
  3018,  2768
  3004,  2783
  2988,  2800
  2975,  2814
  2960,  2830
  2946,  2845
  2932,  2859
  2916,  2875
  2901,  2891
  2887,  2904
  2872,  2919
  2857,  2934
  2842,  2948
  2828,  2962
  2812,  2977
  2797,  2991
  2782,  3005
  2765,  3021
  2751,  3034
  2734,  3049
  2719,  3062
  2703,  3077
  2688,  3089
  2672,  3103
  2656,  3117
  2640,  3131
  2624,  3144
  2608,  3157
  2591,  3171
  2577,  3183
  2559,  3197
  2543,  3210
  2525,  3224
  2509,  3237
  2493,  3249
  2476,  3261
  2460,  3274
  2443,  3287
  2426,  3299
  2408,  3312
  2392,  3324
  2375,  3336
  2359,  3348
  2339,  3361
  2322,  3373
  2307,  3384
  2290,  3395
  2272,  3407
  2255,  3419
  2235,  3431
  2218,  3443
  2202,  3453
  2185,  3464
  2165,  3476
  2149,  3486
  2131,  3497
  2113,  3508
  2094,  3519
  2076,  3530
  2057,  3541
  2041,  3550
  2023,  3561
  2005,  3571
  1986,  3581
  1965,  3593
  1950,  3601
  1931,  3611
  1911,  3622
  1893,  3631
  1875,  3641
  1856,  3651
  1837,  3660
  1818,  3670
  1799,  3679
  1781,  3688
  1761,  3697
  1743,  3706
  1724,  3714
  1706,  3723
  1684,  3733
  1667,  3740
  1648,  3749
  1628,  3758
  1610,  3766
  1589,  3774
  1570,  3782
  1552,  3790
  1533,  3798
  1514,  3805
  1492,  3814
  1474,  3821
  1455,  3828
  1433,  3836
  1415,  3843
  1395,  3850
  1377,  3857
  1355,  3865
  1336,  3871
  1316,  3878
  1295,  3885
  1276,  3891
  1257,  3898
  1237,  3904
  1218,  3910
  1197,  3916
  1177,  3922
  1156,  3929
  1135,  3935
  1117,  3940
  1096,  3946
  1076,  3951
  1055,  3957
  1036,  3962
  1015,  3967
   994,  3973
   974,  3978
   953,  3983
   934,  3987
   914,  3992
   893,  3997
   873,  4001
   853,  4005
   832,  4010
   812,  4014
   788,  4019
   768,  4023
   750,  4026
   728,  4030
   708,  4034
   688,  4037
   666,  4041
   646,  4044
   626,  4047
   606,  4050
   584,  4053
   562,  4057
   542,  4059
   522,  4062
   500,  4065
   481,  4067
   458,  4070
   439,  4072
   419,  4074
   395,  4076
   375,  4078
   355,  4080
   333,  4082
   314,  4083
   294,  4085
   270,  4086
   250,  4088
   229,  4089
   211,  4090
   187,  4091
   167,  4092
   145,  4093
   124,  4093
   104,  4094
    82,  4095
    61,  4095
    43,  4095
    21,  4095
     0,  4095
   -23,  4095
   -40,  4095
   -62,  4095
   -84,  4095
  -105,  4094
  -127,  4093
  -146,  4093
  -168,  4092
  -190,  4091
  -212,  4090
  -230,  4089
  -252,  4088
  -271,  4086
  -293,  4085
  -315,  4083
  -334,  4082
  -357,  4080
  -376,  4078
  -400,  4076
  -417,  4074
  -439,  4072
  -460,  4069
  -482,  4067
  -503,  4064
  -521,  4062
  -543,  4059
  -563,  4057
  -585,  4053
  -605,  4050
  -625,  4047
  -647,  4044
  -667,  4041
  -689,  4037
  -709,  4034
  -728,  4030
  -751,  4026
  -772,  4022
  -791,  4018
  -811,  4014
  -833,  4010
  -853,  4006
  -873,  4001
  -892,  3997
  -914,  3992
  -934,  3988
  -955,  3983
  -975,  3978
  -995,  3973
 -1018,  3967
 -1036,  3962
 -1056,  3957
 -1075,  3952
 -1097,  3946
 -1116,  3940
 -1137,  3934
 -1157,  3929
 -1178,  3922
 -1198,  3916
 -1216,  3911
 -1237,  3904
 -1258,  3898
 -1277,  3891
 -1298,  3884
 -1317,  3878
 -1338,  3871
 -1357,  3864
 -1377,  3857
 -1394,  3851
 -1416,  3843
 -1434,  3836
 -1455,  3828
 -1474,  3821
 -1494,  3813
 -1513,  3806
 -1532,  3798
 -1553,  3790
 -1573,  3781
 -1592,  3774
 -1611,  3766
 -1629,  3758
 -1649,  3749
 -1668,  3740
 -1687,  3732
 -1705,  3724
 -1724,  3715
 -1744,  3706
 -1762,  3697
 -1782,  3688
 -1800,  3679
 -1820,  3669
 -1838,  3660
 -1857,  3651
 -1875,  3641
 -1896,  3630
 -1912,  3622
 -1931,  3612
 -1949,  3602
 -1968,  3592
 -1987,  3581
 -2006,  3571
 -2023,  3561
 -2040,  3551
 -2058,  3541
 -2078,  3529
 -2096,  3519
 -2114,  3508
 -2131,  3498
 -2148,  3487
 -2167,  3475
 -2183,  3465
 -2202,  3454
 -2220,  3442
 -2239,  3430
 -2256,  3419
 -2273,  3407
 -2290,  3396
 -2307,  3384
 -2325,  3372
 -2342,  3360
 -2358,  3349
 -2376,  3336
 -2394,  3323
 -2411,  3311
 -2427,  3299
 -2442,  3288
 -2461,  3274
 -2477,  3261
 -2494,  3249
 -2510,  3237
 -2528,  3222
 -2544,  3210
 -2560,  3197
 -2578,  3183
 -2593,  3170
 -2609,  3157
 -2625,  3144
 -2642,  3130
 -2657,  3117
 -2673,  3103
 -2688,  3090
 -2704,  3077
 -2720,  3062
 -2734,  3050
 -2750,  3035
 -2767,  3020
 -2783,  3005
 -2797,  2992
 -2812,  2978
 -2828,  2963
 -2843,  2948
 -2859,  2933
 -2873,  2919
 -2887,  2905
 -2902,  2891
 -2917,  2875
 -2933,  2859
 -2946,  2846
 -2961,  2830
 -2976,  2814
 -2991,  2798
 -3004,  2784
 -3018,  2769
 -3034,  2752
 -3046,  2738
 -3060,  2723
 -3076,  2705
 -3088,  2691
 -3101,  2675
 -3116,  2659
 -3130,  2642
 -3143,  2626
 -3156,  2611
 -3170,  2594
 -3183,  2578
 -3195,  2563
 -3210,  2545
 -3222,  2529
 -3234,  2514
 -3247,  2496
 -3261,  2479
 -3274,  2461
 -3285,  2446
 -3298,  2429
 -3311,  2411
 -3322,  2396
 -3334,  2379
 -3346,  2362
 -3360,  2343
 -3371,  2326
 -3382,  2311
 -3394,  2293
 -3407,  2274
 -3418,  2257
 -3428,  2242
 -3440,  2223
 -3452,  2205
 -3463,  2187
 -3475,  2169
 -3485,  2153
 -3497,  2133
 -3508,  2115
 -3518,  2098
 -3529,  2079
 -3540,  2061
 -3549,  2045
 -3560,  2026
 -3571,  2007
 -3582,  1987
 -3591,  1971
 -3600,  1953
 -3610,  1935
 -3620,  1916
 -3631,  1896
 -3641,  1877
 -3650,  1859
 -3659,  1840
 -3669,  1822
 -3678,  1804
 -3687,  1784
 -3696,  1766
 -3705,  1746
 -3713,  1729
 -3723,  1709
 -3731,  1690
 -3740,  1670
 -3748,  1653
 -3757,  1631
 -3765,  1614
 -3773,  1594
 -3781,  1576
 -3789,  1556
 -3797,  1537
 -3804,  1518
 -3813,  1496
 -3820,  1479
 -3828,  1458
 -3835,  1439
 -3842,  1420
 -3850,  1399
 -3857,  1380
 -3864,  1359
 -3871,  1340
 -3877,  1321
 -3884,  1300
 -3891,  1279
 -3897,  1261
 -3904,  1240
 -3910,  1221
 -3917,  1200
 -3922,  1182
 -3929,  1159
 -3935,  1139
 -3941,  1118
 -3946,  1100
 -3951,  1080
 -3956,  1061
 -3962,  1040
 -3968,  1018
 -3973,   998
 -3978,   979
 -3983,   957
 -3988,   937
 -3992,   919
 -3997,   896
 -4001,   876
 -4006,   855
 -4010,   836
 -4014,   815
 -4018,   795
 -4023,   773
 -4026,   753
 -4030,   731
 -4034,   713
 -4037,   693
 -4041,   671
 -4044,   649
 -4048,   628
 -4051,   609
 -4054,   589
 -4057,   567
 -4059,   548
 -4063,   525
 -4065,   505
 -4068,   484
 -4070,   464
 -4073,   441
 -4075,   420
 -4077,   402
 -4079,   381
 -4081,   358
 -4082,   339
 -4084,   317
 -4086,   297
 -4087,   276
 -4088,   256
 -4090,   234
 -4091,   212
 -4092,   192
 -4093,   171
 -4094,   149
 -4094,   127
 -4095,   109
 -4095,    87
 -4096,    68
 -4096,    46
 -4096,    25
 -4096,     5
 -4096,   -15
 -4096,   -39
 -4096,   -59
 -4096,   -81
 -4095,  -102
 -4095,  -121
 -4094,  -143
 -4093,  -163
 -4092,  -185
 -4091,  -205
 -4090,  -227
 -4089,  -246
 -4088,  -266
 -4086,  -290
 -4085,  -310
 -4083,  -331
 -4081,  -353
 -4080,  -371
 -4077,  -393
 -4075,  -415
 -4073,  -435
 -4071,  -456
 -4068,  -478
 -4066,  -496
 -4063,  -520
 -4061,  -538
 -4058,  -559
 -4055,  -580
 -4052,  -601
 -4049,  -624
 -4046,  -643
 -4042,  -664
 -4039,  -686
 -4035,  -705
 -4032,  -726
 -4028,  -745
 -4024,  -768
 -4020,  -788
 -4016,  -806
 -4012,  -829
 -4007,  -849
 -4003,  -869
 -3998,  -891
 -3994,  -909
 -3990,  -929
 -3985,  -951
 -3980,  -970
 -3975,  -990
 -3970, -1010
 -3964, -1031
 -3959, -1051
 -3954, -1071
 -3948, -1094
 -3942, -1113
 -3936, -1134
 -3931, -1153
 -3924, -1175
 -3919, -1193
 -3913, -1213
 -3906, -1234
 -3900, -1255
 -3894, -1273
 -3887, -1292
 -3880, -1314
 -3874, -1332
 -3867, -1351
 -3860, -1372
 -3852, -1393
 -3845, -1412
 -3838, -1431
 -3831, -1450
 -3823, -1471
 -3817, -1488
 -3808, -1509
 -3801, -1528
 -3792, -1550
 -3784, -1569
 -3777, -1586
 -3768, -1606
 -3760, -1625
 -3752, -1644
 -3743, -1664
 -3735, -1682
 -3726, -1702
 -3718, -1720
 -3709, -1740
 -3699, -1759
 -3690, -1779
 -3682, -1796
 -3672, -1816
 -3662, -1836
 -3653, -1854
 -3644, -1872
 -3634, -1890
 -3624, -1910
 -3615, -1926
 -3605, -1946
 -3594, -1965
 -3585, -1983
 -3575, -2001
 -3564, -2020
 -3555, -2036
 -3544, -2055
 -3533, -2073
 -3522, -2092
 -3512, -2110
 -3500, -2128
 -3490, -2144
 -3480, -2162
 -3467, -2182
 -3456, -2199
 -3445, -2216
 -3434, -2233
 -3422, -2252
 -3410, -2270
 -3400, -2286
 -3387, -2304
 -3375, -2322
 -3363, -2339
 -3351, -2356
 -3341, -2371
 -3327, -2390
 -3316, -2406
 -3304, -2422
 -3290, -2441
 -3277, -2459
 -3264, -2475
 -3252, -2491
 -3240, -2507
 -3227, -2523
 -3214, -2540
 -3201, -2557
 -3188, -2573
 -3175, -2589
 -3161, -2606
 -3148, -2621
 -3134, -2638
 -3121, -2654
 -3107, -2670
 -3093, -2686
 -3079, -2702
 -3066, -2717
 -3053, -2732
 -3037, -2749
 -3024, -2763
 -3010, -2778
 -2997, -2793
 -2981, -2809
 -2966, -2825
 -2952, -2840
 -2938, -2855
 -2923, -2870
 -2907, -2886
 -2894, -2899
 -2878, -2915
 -2864, -2929
 -2849, -2944
 -2834, -2958
 -2817, -2974
 -2805, -2986
 -2789, -3001
 -2771, -3017
 -2757, -3030
 -2742, -3043
 -2726, -3058
 -2711, -3071
 -2695, -3085
 -2679, -3099
 -2663, -3113
 -2648, -3126
 -2630, -3141
 -2615, -3153
 -2598, -3167
 -2582, -3180
 -2565, -3194
 -2551, -3206
 -2535, -3218
 -2519, -3231
 -2500, -3245
 -2485, -3257
 -2467, -3270
 -2450, -3283
 -2433, -3295
 -2416, -3308
 -2399, -3320
 -2381, -3333
 -2365, -3345
 -2349, -3356
 -2331, -3369
 -2314, -3380
 -2297, -3392
 -2279, -3404
 -2262, -3415
 -2245, -3426
 -2228, -3438
 -2210, -3450
 -2192, -3460
 -2172, -3473
 -2156, -3483
 -2138, -3495
 -2122, -3504
 -2103, -3516
 -2085, -3526
 -2065, -3538
 -2050, -3547
 -2030, -3558
 -2012, -3569
 -1993, -3579
 -1976, -3588
 -1957, -3599
 -1937, -3609
 -1921, -3618
 -1900, -3629
 -1883, -3638
 -1864, -3648
 -1845, -3657
 -1826, -3667
 -1809, -3675
 -1789, -3685
 -1771, -3694
 -1751, -3703
 -1732, -3712
 -1712, -3721
 -1695, -3729
 -1677, -3738
 -1655, -3747
 -1638, -3755
 -1618, -3764
 -1599, -3772
 -1580, -3779
 -1560, -3788
 -1540, -3796
 -1522, -3803
 -1502, -3811
 -1481, -3819
 -1462, -3827
 -1443, -3834
 -1424, -3841
 -1405, -3848
 -1384, -3856
 -1363, -3863
 -1345, -3869
 -1326, -3876
 -1304, -3883
 -1284, -3890
 -1265, -3896
 -1244, -3903
 -1225, -3909
 -1207, -3915
 -1187, -3921
 -1166, -3927
 -1146, -3933
 -1125, -3939
 -1104, -3945
 -1085, -3950
 -1063, -3956
 -1044, -3961
 -1024, -3966
 -1002, -3972
  -983, -3977
  -963, -3982
  -941, -3987
  -922, -3991
  -903, -3996
  -882, -4000
  -862, -4005
  -840, -4009
  -820, -4013
  -800, -4018
  -777, -4022
  -759, -4026
  -739, -4029
  -717, -4033
  -695, -4037
  -675, -4040
  -655, -4044
  -635, -4047
  -613, -4050
  -593, -4053
  -573, -4056
  -552, -4059
  -531, -4062
  -510, -4065
  -490, -4067
  -468, -4070
  -448, -4072
  -428, -4074
  -406, -4076
  -384, -4078
  -364, -4080
  -345, -4082
  -323, -4084
  -302, -4085
  -282, -4087
  -260, -4088
  -238, -4089
  -218, -4091
  -197, -4092
  -175, -4093
  -155, -4093
  -135, -4094
  -113, -4095
   -91, -4095
   -72, -4096
   -50, -4096
   -29, -4096
   -11, -4096
    11, -4096
    33, -4096
    55, -4096
    76, -4096
    96, -4095
   116, -4095
   137, -4094
   157, -4093
   178, -4092
   200, -4091
   222, -4090
   242, -4089
   262, -4088
   283, -4087
   306, -4085
   327, -4083
   345, -4082
   369, -4080
   389, -4078
   409, -4076
   430, -4074
   452, -4071
   473, -4069
   491, -4067
   514, -4064
   534, -4061
   556, -4058
   576, -4056
   598, -4052
   617, -4050
   638, -4046
   659, -4043
   677, -4040
   700, -4036
   721, -4032
   741, -4029
   761, -4025
   781, -4021
   802, -4017
   822, -4013
   842, -4009
   862, -4004
   885, -3999
   904, -3995
   925, -3990
   945, -3986
   966, -3981
   986, -3976
  1006, -3971
  1027, -3965
  1049, -3960
  1068, -3954
  1088, -3949
  1109, -3943
  1127, -3938
  1147, -3932
  1170, -3926
  1189, -3920
  1207, -3914
  1230, -3907
  1249, -3901
  1269, -3895
  1288, -3888
  1307, -3882
  1330, -3874
  1347, -3868
  1368, -3861
  1387, -3854
  1407, -3847
  1427, -3839
  1445, -3833
  1465, -3825
  1483, -3818
  1505, -3810
  1522, -3803
  1543, -3794
  1562, -3787
  1584, -3778
  1602, -3770
  1620, -3762
  1640, -3754
  1660, -3745
  1680, -3736
  1697, -3728
  1716, -3719
  1736, -3710
  1754, -3701
  1774, -3692
  1791, -3684
  1812, -3673
  1830, -3664
  1847, -3656
  1867, -3646
  1885, -3637
  1905, -3626
  1923, -3617
  1941, -3607
  1961, -3596
  1978, -3587
  1997, -3576
  2014, -3567
  2034, -3555
  2050, -3546
  2069, -3535
  2087, -3524
  2104, -3514
  2123, -3503
  2142, -3491
  2158, -3481
  2175, -3471
  2194, -3459
  2213, -3447
  2230, -3436
  2247, -3425
  2265, -3413
  2282, -3401
  2299, -3390
  2316, -3378
  2333, -3367
  2351, -3354
  2369, -3341
  2387, -3329
  2403, -3317
  2420, -3305
  2435, -3294
  2454, -3280
  2469, -3268
  2486, -3255
  2503, -3242
  2520, -3229
  2537, -3215
  2553, -3203
  2568, -3191
  2584, -3178
  2602, -3163
  2617, -3151
  2632, -3138
  2649, -3124
  2666, -3110
  2682, -3095
  2696, -3084
  2713, -3068
  2727, -3056
  2745, -3040
  2760, -3026
  2775, -3013
  2789, -3000
  2805, -2985
  2821, -2970
  2836, -2955
  2850, -2941
  2866, -2926
  2882, -2911
  2896, -2896
  2911, -2882
  2926, -2866
  2939, -2852
  2954, -2837
  2969, -2822
  2983, -2807
  2997, -2792
  3012, -2776
  3026, -2760
  3041, -2744
  3054, -2729
  3067, -2714
  3082, -2698
  3095, -2682
  3110, -2666
  3123, -2650
  3136, -2635
  3149, -2619
  3164, -2601
  3177, -2585
  3189, -2570
  3203, -2553
  3215, -2537
  3228, -2521
  3240, -2505
  3254, -2487
  3267, -2470
  3279, -2455
  3291, -2438
  3305, -2419
  3316, -2404
  3328, -2388
  3340, -2370
  3353, -2352
  3365, -2335
  3377, -2317
  3389, -2300
  3401, -2282
  3412, -2266
  3425, -2247
  3436, -2229
  3446, -2214
  3458, -2195
  3470, -2176
  3480, -2160
  3490, -2143
  3502, -2124
  3512, -2107
  3523, -2089
  3535, -2069
  3545, -2051
  3556, -2032
  3565, -2016
  3576, -1997
  3586, -1979
  3596, -1960
  3606, -1942
  3616, -1924
  3625, -1906
  3635, -1887
  3645, -1868
  3655, -1848
  3664, -1830
  3673, -1812
  3682, -1793
  3692, -1774
  3700, -1757
  3708, -1738
  3718, -1718
  3727, -1698
  3735, -1680
  3744, -1660
  3753, -1641
  3760, -1624
  3769, -1602
  3778, -1582
  3785, -1564
  3793, -1545
  3801, -1525
  3809, -1506
  3816, -1487
  3823, -1468
  3831, -1449
  3839, -1427
  3846, -1408
  3852, -1390
  3860, -1368
  3867, -1348
  3874, -1329
  3880, -1310
  3887, -1289
  3894, -1270
  3901, -1249
  3907, -1229
  3913, -1208
  3919, -1190
  3925, -1169
  3931, -1148
  3937, -1128
  3942, -1110
  3948, -1089
  3954, -1068
  3960, -1047
  3965, -1027
  3970, -1007
  3975,  -986
  3980,  -967
  3985,  -946
  3989,  -928
  3994,  -906
  3999,  -885
  4003,  -863
  4008,  -843
  4012,  -825
  4016,  -805
  4020,  -783
  4024,  -763
  4028,  -740
  4031,  -722
  4035,  -701
  4039,  -680
  4042,  -660
  4045,  -638
  4049,  -616
  4051,  -599
  4055,  -576
  4058,  -556
  4060,  -535
  4063,  -513
  4065,  -495
  4068,  -473
  4071,  -451
  4073,  -431
  4075,  -412
  4077,  -389
  4079,  -370
  4081,  -348
  4082,  -326
  4084,  -307
  4085,  -285
  4087,  -263
  4088,  -243
  4089,  -223
  4090,  -201
  4091,  -179
  4092,  -160
  4093,  -138
  4094,  -119
  4094,   -99
  4095,   -75
  4095,   -55
  4095,   -33
  4095,   -14
  4095,     8
  4095,    28
  4095,    49
  4095,    71
  4094,    91
  4094,   112
  4093,   134
  4092,   154
  4092,   176
  4091,   195
  4090,   218
  4088,   237
  4087,   259
  4086,   281
  4084,   300
  4083,   322
  4081,   342
  4079,   363
  4077,   384
  4075,   406
  4073,   425
  4071,   445
  4068,   469
  4066,   489
  4063,   511
  4061,   531
  4058,   550
  4055,   570
  4052,   592
  4049,   612
  4046,   634
  4042,   655
  4039,   676
  4036,   694
  4032,   717
  4029,   736
  4025,   758
  4021,   778
  4017,   799
  4012,   819
  4008,   841
  4004,   859
  3999,   881
  3995,   901
  3990,   922
  3985,   942
  3981,   962
  3976,   982
  3970,  1005
  3965,  1023
  3960,  1044
  3955,  1064
  3949,  1084
  3944,  1103
  3938,  1123
  3932,  1144
  3926,  1165
  3921,  1183
  3915,  1203
  3908,  1224
  3901,  1245
  3895,  1264
  3889,  1283
  3881,  1306
  3875,  1324
  3869,  1343
  3862,  1362
  3855,  1383
  3847,  1404
  3841,  1421
  3833,  1442
  3825,  1463
  3818,  1482
  3810,  1501
  3803,  1520
  3795,  1540
  3787,  1559
  3779,  1578
  3771,  1598
  3763,  1617
  3754,  1636
  3746,  1656
  3737,  1674
  3729,  1693
  3719,  1714
  3710,  1733
  3702,  1750
  3693,  1770
  3684,  1788
  3674,  1808
  3665,  1826
  3656,  1844
  3646,  1864
  3638,  1881
  3627,  1902
  3618,  1918
  3608,  1936
  3597,  1957
  3587,  1975
  3577,  1993
  3567,  2012
  3557,  2030
  3546,  2048
  3535,  2067
  3526,  2083
  3515,  2102
  3503,  2121
  3493,  2138
  3482,  2155
  3470,  2174
  3460,  2190
  3449,  2209
  3437,  2226
  3426,  2243
  3414,  2261
  3402,  2280
  3391,  2296
  3379,  2313
  3368,  2330
  3355,  2348
  3342,  2366
  3331,  2382
  3319,  2399
  3307,  2415
  3294,  2432
  3281,  2450
  3269,  2466
  3256,  2484
  3243,  2500
  3231,  2516
  3218,  2532
  3206,  2548
  3193,  2564
  3179,  2581
  3166,  2597
  3151,  2615
  3139,  2630
  3125,  2647
  3111,  2663
  3098,  2678
  3085,  2693
  3070,  2710
  3057,  2725
  3042,  2741
  3029,  2756
  3015,  2772
  3001,  2787
  2986,  2803
  2972,  2817
  2957,  2833
  2944,  2847
  2928,  2863
  2913,  2878
  2897,  2894
  2884,  2907
  2869,  2922
  2855,  2936
  2839,  2951
  2823,  2966
  2809,  2979
  2793,  2994
  2778,  3008
  2762,  3023
  2747,  3037
  2732,  3051
  2716,  3065
  2699,  3080
  2685,  3092
  2669,  3106
  2652,  3121
  2637,  3133
  2621,  3146
  2603,  3161
  2589,  3173
  2572,  3187
  2555,  3201
  2540,  3212
  2522,  3226
  2508,  3238
  2490,  3251
  2473,  3264
  2456,  3277
  2439,  3290
  2422,  3302
  2405,  3315
  2388,  3327
  2370,  3340
  2353,  3351
  2338,  3362
  2320,  3375
  2303,  3386
  2285,  3399
  2269,  3409
  2251,  3421
  2232,  3433
  2214,  3445
  2198,  3455
  2179,  3467
  2162,  3478
  2143,  3489
  2127,  3499
  2110,  3510
  2091,  3521
  2072,  3532
  2053,  3543
  2038,  3552
  2019,  3563
  2001,  3573
  1982,  3584
  1963,  3594
  1943,  3605
  1928,  3613
  1907,  3624
  1889,  3633
  1871,  3643
  1853,  3652
  1835,  3661
  1814,  3672
  1797,  3680
  1777,  3690
  1758,  3698
  1739,  3708
  1720,  3716
  1700,  3726
  1683,  3733
  1664,  3742
  1646,  3750
  1625,  3759
  1605,  3767
  1586,  3775
  1568,  3783
  1546,  3792
  1528,  3799
  1509,  3807
  1489,  3815
  1468,  3823
  1449,  3830
  1432,  3837
  1411,  3844
  1392,  3851
  1371,  3859
  1350,  3866
  1331,  3873
  1313,  3879
  1292,  3886
  1273,  3892
  1254,  3899
  1234,  3905
  1213,  3911
  1194,  3917
  1171,  3924
  1152,  3930
  1133,  3935
  1114,  3941
  1093,  3947
  1073,  3952
  1050,  3958
  1030,  3963
  1009,  3969
   992,  3973
   969,  3979
   950,  3984
   930,  3988
   910,  3993
   888,  3998
   867,  4002
   848,  4006
   825,  4011
   807,  4015
   785,  4019
   767,  4023
   745,  4027
   725,  4031
   702,  4035
   682,  4038
   662,  4041
   642,  4045
   620,  4048
   600,  4051
   581,  4054
   559,  4057
   537,  4060
   517,  4063
   495,  4065
   475,  4068
   455,  4070
   434,  4072
   413,  4074
   391,  4077
   372,  4078
   352,  4080
   330,  4082
   309,  4084
   287,  4085
   269,  4087
   247,  4088
   226,  4089
   206,  4090
   184,  4091
   163,  4092
   142,  4093
   123,  4094
    99,  4094
    77,  4095
    58,  4095
    38,  4095
    16,  4095
    -4,  4095
   -25,  4095
   -45,  4095
   -66,  4095
   -89,  4094
  -110,  4094
  -130,  4093
  -150,  4093
  -172,  4092
  -191,  4091
  -215,  4090
  -234,  4089
  -255,  4087
  -276,  4086
  -296,  4085
  -318,  4083
  -340,  4081
  -360,  4080
  -379,  4078
  -403,  4076
  -421,  4074
  -443,  4071
  -465,  4069
  -485,  4067
  -506,  4064
  -527,  4061
  -548,  4059
  -566,  4056
  -588,  4053
  -610,  4050
  -630,  4047
  -650,  4043
  -672,  4040
  -694,  4036
  -712,  4033
  -732,  4029
  -756,  4025
  -776,  4021
  -794,  4018
  -816,  4013
  -837,  4009
  -856,  4005
  -879,  4000
  -899,  3996
  -918,  3991
  -938,  3987
  -960,  3981
  -981,  3976
  -999,  3972
 -1019,  3967
 -1042,  3961
 -1060,  3956
 -1080,  3951
 -1101,  3945
 -1122,  3939
 -1140,  3934
 -1162,  3927
 -1181,  3922
 -1202,  3915
 -1220,  3910
 -1243,  3902
 -1261,  3897
 -1281,  3890
 -1301,  3883
 -1320,  3877
 -1341,  3870
 -1360,  3863
 -1381,  3856
 -1400,  3849
 -1418,  3842
 -1439,  3835
 -1459,  3827
 -1480,  3819
 -1499,  3812
 -1519,  3803
 -1537,  3796
 -1557,  3788
 -1576,  3780
 -1593,  3773
 -1613,  3764
 -1634,  3756
 -1652,  3747
 -1672,  3739
 -1691,  3730
 -1711,  3721
 -1728,  3713
 -1747,  3704
 -1765,  3696
 -1786,  3685
 -1805,  3677
 -1823,  3668
 -1843,  3658
 -1861,  3648
 -1880,  3638
 -1897,  3630
 -1917,  3619
 -1935,  3610
 -1953,  3600
 -1972,  3590
 -1988,  3581
 -2008,  3570
 -2027,  3559
 -2043,  3550
 -2062,  3539
 -2080,  3528
 -2100,  3516
 -2116,  3507
 -2136,  3494
 -2152,  3484
 -2171,  3473
 -2188,  3462
 -2207,  3450
 -2223,  3440
 -2243,  3427
 -2260,  3416
 -2277,  3405
 -2294,  3393
 -2310,  3382
 -2329,  3369
 -2347,  3357
 -2362,  3346
 -2380,  3333
 -2397,  3321
 -2414,  3308
 -2431,  3296
 -2447,  3284
 -2464,  3272
 -2480,  3260
 -2497,  3246
 -2515,  3233
 -2531,  3220
 -2547,  3208
 -2563,  3195
 -2580,  3181
 -2596,  3168
 -2610,  3156
 -2627,  3142
 -2644,  3128
 -2661,  3114
 -2676,  3100
 -2692,  3087
 -2706,  3075
 -2724,  3059
 -2739,  3045
 -2755,  3031
 -2769,  3018
 -2785,  3003
 -2800,  2989
 -2815,  2975
 -2832,  2959
 -2847,  2945
 -2861,  2930
 -2876,  2916
 -2891,  2902
 -2906,  2886
 -2922,  2871
 -2935,  2857
 -2949,  2842
 -2963,  2828
 -2978,  2812
 -2992,  2797
 -3007,  2781
 -3021,  2766
 -3036,  2749
 -3050,  2734
 -3062,  2720
 -3077,  2704
 -3092,  2686
 -3104,  2672
 -3119,  2655
 -3132,  2640
 -3145,  2624
 -3159,  2607
 -3171,  2592
 -3185,  2575
 -3199,  2558
 -3211,  2543
 -3224,  2526
 -3237,  2510
 -3250,  2493
 -3262,  2476
 -3276,  2459
 -3288,  2443
 -3299,  2427
 -3312,  2410
 -3325,  2392
 -3338,  2374
 -3349,  2359
 -3360,  2342
 -3374,  2322
 -3385,  2306
 -3396,  2290
 -3409,  2270
 -3420,  2253
 -3432,  2236
 -3443,  2219
 -3454,  2202
 -3465,  2185
 -3477,  2165
 -3488,  2147
 -3498,  2131
 -3508,  2114
 -3520,  2095
 -3531,  2076
 -3542,  2057
 -3552,  2039
 -3562,  2023
 -3572,  2005
 -3583,  1985
 -3592,  1968
 -3603,  1949
 -3612,  1931
 -3622,  1913
 -3631,  1895
 -3642,  1874
 -3651,  1857
 -3661,  1837
 -3670,  1819
 -3679,  1801
 -3689,  1780
 -3697,  1763
 -3706,  1744
 -3715,  1724
 -3725,  1704
 -3734,  1684
 -3741,  1667
 -3750,  1647
 -3759,  1628
 -3766,  1611
 -3775,  1591
 -3782,  1572
 -3791,  1550
 -3799,  1533
 -3807,  1511
 -3814,  1493
 -3822,  1473
 -3830,  1452
 -3836,  1436
 -3844,  1415
 -3852,  1393
 -3858,  1376
 -3866,  1355
 -3872,  1337
 -3879,  1316
 -3886,  1295
 -3892,  1276
 -3899,  1257
 -3905,  1237
 -3911,  1216
 -3918,  1195
 -3923,  1177
 -3930,  1156
 -3936,  1135
 -3941,  1115
 -3947,  1097
 -3952,  1076
 -3958,  1056
 -3963,  1035
 -3969,  1014
 -3973,   995
 -3978,   976
 -3984,   954
 -3989,   933
 -3994,   911
 -3997,   895
 -4002,   872
 -4006,   853
 -4011,   832
 -4015,   812
 -4019,   792
 -4024,   768
 -4027,   748
 -4031,   727
 -4035,   707
 -4038,   688
 -4041,   668
 -4045,   648
 -4048,   626
 -4051,   604
 -4054,   584
 -4058,   562
 -4060,   542
 -4063,   520
 -4065,   502
 -4068,   478
 -4070,   459
 -4073,   439
 -4075,   417
 -4077,   397
 -4079,   375
 -4081,   355
 -4083,   333
 -4084,   312
 -4086,   292
 -4087,   272
 -4089,   250
 -4090,   231
 -4091,   209
 -4092,   187
 -4093,   168
 -4094,   146
 -4094,   124
 -4095,   104
 -4096,    82
 -4096,    63
 -4096,    41
 -4096,    19
 -4096,    -1
 -4096,   -20
 -4096,   -42
 -4096,   -62
 -4095,   -86
 -4095,  -105
 -4094,  -127
 -4094,  -147
 -4093,  -169
 -4092,  -188
 -4091,  -208
 -4090,  -230
 -4089,  -252
 -4087,  -271
 -4086,  -295
 -4084,  -315
 -4083,  -335
 -4081,  -357
 -4079,  -378
 -4077,  -398
 -4075,  -420
 -4073,  -439
 -4070,  -462
 -4068,  -481
 -4066,  -501
 -4063,  -523
 -4060,  -541
 -4057,  -565
 -4055,  -584
 -4051,  -605
 -4048,  -627
 -4045,  -646
 -4042,  -667
 -4038,  -687
 -4035,  -709
 -4031,  -728
 -4027,  -749
 -4023,  -771
 -4019,  -793
 -4015,  -813
 -4011,  -833
 -4007,  -853
 -4002,  -874
 -3998,  -892
 -3993,  -915
 -3989,  -934
 -3983,  -957
 -3978,  -977
 -3974,  -995
 -3969, -1015
 -3963, -1037
 -3958, -1057
 -3952, -1077
 -3947, -1095
 -3941, -1118
 -3936, -1136
 -3930, -1157
 -3923, -1178
 -3917, -1198
 -3911, -1217
 -3905, -1237
 -3899, -1258
 -3892, -1279
 -3885, -1298
 -3879, -1317
 -3872, -1337
 -3866, -1356
 -3858, -1378
 -3851, -1396
 -3844, -1416
 -3837, -1434
 -3829, -1455
 -3822, -1475
 -3814, -1494
 -3807, -1513
 -3799, -1534
 -3790, -1554
 -3783, -1571
 -3775, -1592
 -3767, -1609
 -3759, -1628
 -3750, -1649
 -3742, -1667
 -3734, -1685
 -3725, -1705
 -3716, -1724
 -3706, -1745
 -3697, -1764
 -3688, -1784
 -3679, -1802
 -3670, -1820
 -3661, -1837
 -3651, -1858
 -3642, -1875
 -3631, -1896
 -3622, -1914
 -3612, -1932
 -3602, -1951
 -3592, -1969
 -3582, -1987
 -3572, -2006
 -3562, -2024
 -3551, -2042
 -3541, -2059
 -3530, -2078
 -3520, -2096
 -3508, -2115
 -3499, -2131
 -3487, -2150
 -3476, -2167
 -3465, -2186
 -3454, -2203
 -3443, -2220
 -3432, -2237
 -3420, -2254
 -3408, -2273
 -3396, -2291
 -3385, -2307
 -3374, -2323
 -3360, -2343
 -3350, -2358
 -3338, -2375
 -3324, -2394
 -3312, -2411
 -3301, -2426
 -3287, -2445
 -3275, -2461
 -3262, -2477
 -3250, -2494
 -3238, -2510
 -3225, -2526
 -3212, -2542
 -3198, -2560
 -3186, -2575
 -3172, -2592
 -3159, -2608
 -3146, -2624
 -3131, -2642
 -3118, -2657
 -3104, -2673
 -3091, -2688
 -3078, -2704
 -3063, -2720
 -3050, -2735
 -3035, -2752
 -3020, -2768
 -3006, -2783
 -2992, -2798
 -2978, -2813
 -2964, -2828
 -2950, -2842
 -2935, -2858
 -2920, -2873
 -2906, -2887
 -2891, -2903
 -2876, -2917
 -2861, -2931
 -2846, -2947
 -2831, -2961
 -2815, -2976
 -2801, -2989
 -2784, -3005
 -2769, -3019
 -2755, -3032
 -2739, -3046
 -2724, -3060
 -2707, -3075
 -2691, -3089
 -2675, -3102
 -2660, -3116
 -2644, -3129
 -2628, -3142
 -2612, -3156
 -2596, -3169
 -2579, -3183
 -2563, -3196
 -2546, -3210
 -2530, -3222
 -2515, -3234
 -2497, -3247
 -2481, -3260
 -2464, -3273
 -2447, -3285
 -2431, -3297
 -2412, -3311
 -2397, -3322
 -2380, -3334
 -2362, -3347
 -2347, -3358
 -2329, -3370
 -2312, -3382
 -2295, -3393
 -2277, -3406
 -2260, -3417
 -2240, -3430
 -2223, -3441
 -2207, -3451
 -2187, -3464
 -2171, -3474
 -2152, -3485
 -2136, -3495
 -2118, -3507
 -2097, -3519
 -2080, -3529
 -2062, -3540
 -2046, -3549
 -2028, -3559
 -2008, -3571
 -1990, -3581
 -1971, -3591
 -1954, -3600
 -1935, -3611
 -1917, -3620
 -1897, -3631
 -1880, -3639
 -1861, -3649
 -1841, -3659
 -1823, -3669
 -1805, -3678
 -1785, -3687
 -1767, -3696
 -1748, -3705
 -1730, -3713
 -1710, -3723
 -1691, -3731
 -1671, -3740
 -1651, -3749
 -1634, -3757
 -1615, -3765
 -1595, -3773
 -1576, -3781
 -1557, -3789
 -1537, -3797
 -1518, -3805
 -1499, -3813
 -1480, -3820
 -1458, -3828
 -1440, -3835
 -1419, -3843
 -1399, -3850
 -1381, -3857
 -1359, -3865
 -1341, -3871
 -1322, -3877
 -1302, -3884
 -1280, -3891
 -1262, -3897
 -1241, -3904
 -1222, -3910
 -1201, -3917
 -1181, -3923
 -1162, -3928
 -1142, -3934
 -1121, -3940
 -1100, -3946
 -1081, -3951
 -1059, -3957
 -1039, -3963
 -1019, -3968
 -1001, -3972
  -978, -3978
  -960, -3982
  -937, -3988
  -918, -3992
  -897, -3997
  -879, -4001
  -856, -4006
  -836, -4010
  -817, -4014
  -796, -4018
  -776, -4022
  -756, -4026
  -735, -4030
  -714, -4034
  -691, -4038
  -670, -4041
  -652, -4044
  -630, -4048
  -608, -4051
  -588, -4054
  -568, -4057
  -546, -4060
  -527, -4062
  -506, -4065
  -484, -4068
  -464, -4070
  -443, -4072
  -425, -4074
  -401, -4077
  -382, -4079
  -360, -4081
  -338, -4082
  -318, -4084
  -298, -4086
  -277, -4087
  -257, -4088
  -235, -4090
  -213, -4091
  -194, -4092
  -171, -4093
  -150, -4094
  -132, -4094
  -108, -4095
   -88, -4095
   -66, -4096
   -47, -4096
   -25, -4096
    -6, -4096
    16, -4096
    36, -4096
    58, -4096
    80, -4096
    99, -4095
   121, -4095
   143, -4094
   163, -4093
   182, -4092
   204, -4091
   225, -4090
   248, -4089
   267, -4088
   289, -4086
   311, -4085
   331, -4083
   350, -4081
   372, -4079
   394, -4077
   413, -4075
   434, -4073
   456, -4071
   477, -4068
   497, -4066
   517, -4064
   539, -4061
   558, -4058
   579, -4055
   601, -4052
   621, -4049
   642, -4046
   662, -4042
   683, -4039
   705, -4035
   725, -4032
   744, -4028
   765, -4024
   785, -4020
   807, -4016
   827, -4012
   848, -4007
   868, -4003
   888, -3999
   908, -3994
   928, -3990
   948, -3985
   971, -3979
   989, -3975
  1011, -3970
  1032, -3964
  1050, -3959
  1073, -3953
  1093, -3948
  1111, -3943
  1133, -3936
  1153, -3931
  1171, -3925
  1192, -3919
  1212, -3913
  1233, -3906
  1254, -3900
  1273, -3893
  1292, -3887
  1312, -3880
  1331, -3874
  1352, -3867
  1371, -3860
  1392, -3852
  1411, -3845
  1430, -3838
  1449, -3831
  1468, -3824
  1489, -3816
  1508, -3808
  1527, -3801
  1549, -3792
  1566, -3785
  1586, -3776
  1605, -3768
  1625, -3760
  1644, -3752
  1663, -3743
  1681, -3735
  1701, -3726
  1719, -3718
  1739, -3709
  1760, -3699
  1777, -3691
  1797, -3681
  1814, -3673
  1835, -3662
  1853, -3653
  1872, -3643
  1889, -3634
  1909, -3624
  1927, -3615
  1946, -3604
  1963, -3595
  1981, -3585
  2000, -3575
  2018, -3565
  2037, -3554
  2056, -3543
  2072, -3533
  2092, -3521
  2109, -3512
  2127, -3500
  2145, -3490
  2162, -3479
  2181, -3467
  2197, -3457
  2215, -3445
  2234, -3433
  2251, -3422
  2269, -3410
  2286, -3399
  2303, -3387
  2319, -3377
  2337, -3364
  2353, -3352
  2371, -3340
  2388, -3328
  2407, -3314
  2424, -3302
  2439, -3291
  2456, -3278
  2473, -3265
  2490, -3252
  2508, -3239
  2524, -3226
  2539, -3214
  2556, -3201
  2573, -3187
  2588, -3175
  2603, -3162
  2620, -3148
  2636, -3135
  2654, -3120
  2669, -3107
  2685, -3093
  2699, -3081
  2716, -3066
  2732, -3052
  2746, -3039
  2761, -3025
  2778, -3009
  2793, -2995
  2808, -2981
  2824, -2966
  2839, -2952
  2854, -2938
  2869, -2923
  2883, -2909
  2897, -2895
  2913, -2879
  2929, -2863
  2944, -2848
  2957, -2834
  2972, -2818
  2985, -2805
  3000, -2789
  3015, -2773
  3029, -2757
  3042, -2742
  3057, -2726
  3071, -2710
  3085, -2694
  3098, -2679
  3112, -2663
  3125, -2648
  3138, -2632
  3153, -2614
  3166, -2598
  3179, -2582
  3192, -2567
  3205, -2551
  3218, -2533
  3231, -2517
  3243, -2501
  3257, -2484
  3269, -2467
  3281, -2451
  3294, -2435
  3307, -2417
  3319, -2400
  3331, -2383
  3344, -2365
  3356, -2348
  3368, -2331
  3379, -2314
  3391, -2297
  3403, -2279
  3413, -2264
  3426, -2244
  3437, -2227
  3449, -2210
  3460, -2191
  3472, -2172
  3482, -2156
  3494, -2138
  3503, -2122
  3514, -2104
  3526, -2084
  3536, -2066
  3547, -2047
  3557, -2031
  3568, -2010
  3578, -1993
  3588, -1975
  3597, -1958
  3608, -1937
  3618, -1919
  3627, -1903
  3637, -1883
  3647, -1864
  3656, -1847
  3665, -1827
  3675, -1808
  3684, -1789
  3693, -1771
  3702, -1752
  3710, -1734
  3720, -1712
  3728, -1695
  3737, -1675
  3746, -1657
  3754, -1638
  3763, -1618
  3771, -1599
  3779, -1579
  3787, -1560
  3795, -1541
  3803, -1521
  3810, -1503
  3817, -1484
  3826, -1462
  3833, -1443
  3840, -1425
  3847, -1405
  3854, -1385
  3861, -1365
  3868, -1345
  3875, -1325
  3882, -1304
  3888, -1286
  3895, -1265
  3902, -1244
  3908, -1225
  3914, -1207
  3920, -1186
  3926, -1166
  3932, -1145
  3938, -1125
  3944, -1104
  3949, -1085
  3955, -1065
  3960, -1045
  3965, -1025
  3971, -1002
  3976,  -983
  3981,  -961
  3985,  -943
  3990,  -923
  3995,  -903
  4000,  -880
  4004,  -860
  4008,  -840
  4012,  -820
  4017,  -800
  4021,  -779
  4025,  -759
  4029,  -737
  4032,  -715
  4036,  -697
  4039,  -675
  4043,  -655
  4046,  -635
  4049,  -613
  4053,  -591
  4055,  -571
  4058,  -551
  4061,  -531
  4064,  -510
  4066,  -490
  4069,  -467
  4071,  -446
  4073,  -426
  4075,  -406
  4077,  -384
  4079,  -364
  4081,  -345
  4083,  -324
  4084,  -302
  4086,  -281
  4087,  -260
  4088,  -240
  4090,  -219
  4091,  -196
  4092,  -175
  4092,  -155
  4093,  -133
  4094,  -114
  4094,   -91
  4095,   -70
  4095,   -50
  4095,   -29
  4095,    -9
  4095,    13
  4095,    35
  4095,    54
  4095,    76
  4094,    98
  4094,   115
  4093,   138
  4092,   160
  4091,   178
  4090,   201
  4089,   222
  4088,   243
  4087,   264
  4086,   283
  4084,   305
  4082,   325
  4081,   347
  4079,   367
  4077,   388
  4075,   408
  4073,   430
  4071,   449
  4068,   470
  4066,   492
  4063,   512
  4060,   534
  4057,   556
  4055,   576
  4052,   596
  4049,   617
  4045,   637
  4042,   657
  4039,   679
  4035,   700
  4031,   721
  4027,   742
  4024,   761
  4020,   782
  4016,   802
  4012,   824
  4007,   844
  4003,   865
  3999,   884
  3994,   904
  3989,   927
  3984,   947
  3980,   965
  3975,   986
  3969,  1008
  3964,  1027
  3959,  1047
  3954,  1067
  3948,  1088
  3943,  1108
  3937,  1129
  3931,  1148
  3925,  1170
  3919,  1189
  3913,  1207
  3907,  1228
  3900,  1249
  3893,  1270
  3887,  1288
  3881,  1307
  3874,  1328
  3867,  1347
  3860,  1368
  3854,  1386
  3846,  1407
  3839,  1426
  3831,  1446
  3825,  1464
  3816,  1486
  3809,  1504
  3800,  1525
  3793,  1544
  3786,  1562
  3777,  1582
  3769,  1602
  3761,  1621
  3753,  1638
  3744,  1659
  3736,  1677
  3727,  1697
  3718,  1716
  3710,  1734
  3701,  1753
  3692,  1773
  3683,  1791
  3673,  1811
  3663,  1830
  3654,  1849
  3645,  1867
  3635,  1886
  3625,  1905
  3615,  1924
  3606,  1941
  3596,  1960
  3587,  1976
  3575,  1997
  3565,  2015
  3555,  2033
  3545,  2050
  3534,  2069
  3523,  2087
  3512,  2106
  3502,  2123
  3492,  2139
  3480,  2159
  3470,  2175
  3458,  2194
  3447,  2211
  3434,  2231
  3423,  2248
  3412,  2264
  3400,  2282
  3388,  2300
  3376,  2317
  3366,  2333
  3354,  2350
  3340,  2369
  3328,  2387
  3317,  2402
  3305,  2418
  3292,  2436
  3280,  2451
  3266,  2470
  3254,  2486
  3241,  2503
  3228,  2520
  3215,  2536
  3203,  2552
  3189,  2569
  3175,  2586
  3163,  2601
  3150,  2617
  3135,  2635
  3124,  2648
  3109,  2666
  3095,  2681
  3082,  2697
  3067,  2713
  3053,  2730
  3040,  2744
  3025,  2760
  3010,  2776
  2998,  2790
  2984,  2805
  2970,  2820
  2953,  2837
  2940,  2850
  2926,  2865
  2910,  2882
  2896,  2895
  2881,  2911
  2865,  2926
  2850,  2940
  2837,  2953
  2821,  2969
  2806,  2983
  2791,  2997
  2775,  3012
  2759,  3026
  2744,  3040
  2727,  3055
  2712,  3068
  2697,  3082
  2681,  3095
  2665,  3110
  2649,  3123
  2634,  3136
  2617,  3150
  2601,  3163
  2584,  3177
  2569,  3189
  2552,  3203
  2536,  3215
  2520,  3228
  2501,  3242
  2485,  3255
  2469,  3267
  2454,  3279
  2435,  3293
  2418,  3305
  2402,  3317
  2384,  3330
  2368,  3341
  2352,  3352
  2333,  3366
  2317,  3376
  2298,  3390
  2282,  3400
  2264,  3412
  2248,  3423
  2230,  3435
  2211,  3447
  2194,  3458
  2177,  3469
  2158,  3480
  2141,  3491
  2123,  3502
  2104,  3513
  2088,  3523
  2068,  3535
  2050,  3545
  2033,  3555
  2015,  3565
  1997,  3575
  1978,  3586
  1960,  3596
  1942,  3605
  1923,  3616
  1905,  3625
  1886,  3635
  1868,  3644
  1849,  3654
  1830,  3663
  1811,  3673
  1792,  3682
  1773,  3692
  1756,  3700
  1737,  3708
  1717,  3718
  1696,  3728
  1680,  3735
  1660,  3744
  1638,  3753
  1620,  3761
  1601,  3769
  1582,  3777
  1563,  3785
  1543,  3793
  1522,  3802
  1505,  3809
  1484,  3817
  1464,  3825
  1446,  3831
  1426,  3839
  1408,  3846
  1387,  3853
  1367,  3860
  1347,  3867
  1327,  3874
  1307,  3881
  1288,  3887
  1269,  3894
  1249,  3900
  1230,  3906
  1209,  3913
  1188,  3919
  1170,  3925
  1147,  3931
  1127,  3937
  1109,  3942
  1088,  3948
  1068,  3953
  1046,  3960
  1027,  3964
  1008,  3969
   986,  3975
   966,  3980
   947,  3984
   924,  3990
   907,  3994
   885,  3998
   864,  4003
   844,  4007
   824,  4012
   802,  4016
   782,  4020
   762,  4024
   741,  4028
   721,  4031
   700,  4035
   680,  4038
   659,  4042
   638,  4045
   618,  4048
   595,  4052
   576,  4055
   556,  4057
   534,  4060
   512,  4063
   491,  4066
   470,  4068
   452,  4070
   430,  4073
   409,  4075
   389,  4077
   366,  4079
   345,  4081
   325,  4082
   305,  4084
   283,  4086
   264,  4087
   242,  4088
   220,  4089
   201,  4090
   179,  4091
   160,  4092
   138,  4093
   116,  4094
    94,  4094
    74,  4095
    55,  4095
    33,  4095
    11,  4095
    -7,  4095
   -31,  4095
   -50,  4095
   -72,  4095
   -92,  4094
  -113,  4094
  -136,  4093
  -155,  4092
  -177,  4092
  -196,  4091
  -218,  4090
  -240,  4088
  -259,  4087
  -281,  4086
  -302,  4084
  -324,  4083
  -342,  4081
  -365,  4079
  -384,  4077
  -406,  4075
  -428,  4073
  -450,  4071
  -470,  4068
  -489,  4066
  -510,  4064
  -531,  4061
  -552,  4058
  -573,  4055
  -593,  4052
  -615,  4049
  -635,  4046
  -656,  4042
  -677,  4039
  -695,  4036
  -715,  4032
  -739,  4028
  -760,  4024
  -780,  4020
  -799,  4017
  -820,  4012
  -840,  4008
  -860,  4004
  -880,  4000
  -903,  3995
  -922,  3990
  -943,  3985
  -964,  3980
  -984,  3975
 -1002,  3971
 -1025,  3965
 -1044,  3960
 -1063,  3955
 -1086,  3949
 -1106,  3943
 -1127,  3937
 -1145,  3932
 -1165,  3926
 -1186,  3920
 -1205,  3914
 -1225,  3908
 -1246,  3901
 -1267,  3895
 -1284,  3889
 -1307,  3881
 -1323,  3876
 -1344,  3869
 -1363,  3862
 -1384,  3855
 -1405,  3847
 -1424,  3840
 -1444,  3832
 -1462,  3826
 -1481,  3818
 -1500,  3811
 -1522,  3802
 -1541,  3795
 -1561,  3786
 -1579,  3779
 -1599,  3771
 -1618,  3763
 -1638,  3754
 -1657,  3746
 -1675,  3737
 -1695,  3728
 -1712,  3720
 -1734,  3710
 -1752,  3702
 -1771,  3693
 -1791,  3683
 -1808,  3675
 -1827,  3665
 -1847,  3656
 -1864,  3647
 -1882,  3638
 -1903,  3627
 -1921,  3617
 -1940,  3607
 -1958,  3597
 -1975,  3588
 -1993,  3578
 -2012,  3568
 -2030,  3557
 -2049,  3546
