-21166
-26266
 14144
 30045
 -6139
-31684
 -2329
 31057
 10628
-28221
-18172
 23364
 24421
-16832
-28916
  9124
 31348
  -737
-31547
 -7672
 29489
 15563
-25337
-22336
 19367
 27497
-12017
-30715
  3805
 31735
  4650
-30496
-12802
 27068
 20044
-21723
-25849
 14815
 29794
 -6854
-31629
 -1588
 31200
  9937
-28548
-17558
 23860
 23932
-17457
-28600
  9822
 31220
 -1491
-31620
 -6960
 29755
 14912
-25784
-21793
 19959
 27118
-12701
-30522
  4553
 31736
  3926
-30689
-12130
 27454
 19453
-22257
-25402
 15479
 29529
 -7588
-31556
  -846
 31330
  9217
-28874
-16934
 24343
 23429
-18081
-28265
 10548
 31078
 -2244
-31676
 -6234
 30009
 14241
-26202
-21247
 20521
 26731
-13389
-30306
  5299
 31720
  3176
-30870
-11417
 27818
 18851
-22780
-24943
 16111
 29248
 -8308
-31469
  -104
 31439
  8504
-29169
-16291
 24812
 22922
-18696
-27919
 11244
 30912
 -2984
-31713
 -5493
 30246
 13574
-26620
-20680
 21090
 26309
-14058
-30073
  6029
 31684
  2437
-31036
-10721
 28173
 18239
-23291
-24477
 16757
 28952
 -9033
-31362
   649
 31533
  7763
-29453
-15639
 25282
 22393
-19300
-27558
 11936
 30741
 -3722
-31734
 -4748
 30459
 12888
-27017
-20111
 21639
 25894
-14730
-29827
  6768
 31633
  1696
-31185
-10031
 28502
 17626
-23796
-23997
 17393
 28639
 -9742
-31238
  1404
 31608
  7053
-29730
-14999
 25717
 21852
-19884
-27176
 12631
 30545
 -4459
-31737
 -4012
 30662
 12216
-27399
-19522
 22176
 25457
-15384
-29560
  7480
 31564
   929
-31312
 -9313
 28830
 17003
-24289
-23504
 18009
 28300
-10434
-31095
  2145
 31666
  6316
-29981
-14341
 26152
 21316
-20448
-26777
 13297
 30335
 -5205
-31722
 -3274
 30844
 11517
-27772
-18931
 22709
 24992
-16029
-29287
  8210
 31478
   187
-31427
 -8600
 29122
 16372
-24752
-22981
 18605
 27956
-11144
-30940
  2873
 31706
  5598
-30213
-13674
 26565
 20751
-21028
-26371
 13979
 30105
 -5935
-31691
 -2524
 31013
 10821
-28129
-18340
 23230
 24535
-16675
-28992
  8938
 31373
  -542
-31521
 -7883
 29418
 15742
-25224
-22472
 19210
 27603
-11847
-30764
  3624
 31729
  4854
-30435
-12979
 26970
 20193
-21569
-25944
 14642
 29862
 -6662
-31642
 -1783
 31162
 10121
-28465
-17708
 23729
 24049
-17302
-28682
  9635
 31255
 -1284
-31599
 -7150
 29688
 15072
-25668
-21932
 19796
 27217
-12544
-30570
  4372
 31735
  4119
-30641
-12298
 27353
 19605
-22116
-25510
 15296
 29597
 -7399
-31575
 -1041
 31293
  9403
-28786
-17098
 24216
 23558
-17919
-28351
 10340
 31112
 -2050
-31661
 -6413
 29943
 14425
-26098
-21399
 20380
 26834
-13211
-30358
  5106
 31723
  3369
-30823
-11610
 27722
 19006
-22643
-25061
 15942
 29316
 -8130
-31490
  -299
 31410
  8692
-29090
-16457
 24696
 23055
-18537
-28010
 11050
 30960
 -2790
-31704
 -5672
 30184
 13748
-26513
-20836
 20944
 26423
-13893
-30137
  5837
 31694
  2619
-30994
-10904
 28082
 18417
-23165
-24599
 16580
 29025
 -8834
-31389
   467
 31508
  7963
-29383
-15807
 25156
 22530
-19145
-27653
 11754
 30786
 -3529
-31728
 -4940
 30402
 13076
-26920
-20260
 21505
 25998
-14557
-29892
  6566
 31646
  1878
-31145
-10215
 28415
 17797
-23667
-24115
 17229
 28717
 -9557
-31269
  1197
 31589
  7231
-29652
-15170
 25601
 22010
-19722
-27269
 12429
 30597
 -4265
-31737
 -4205
 30613
 12385
-27306
-19684
 22045
 25565
-15213
-29635
  7290
 31583
  1137
-31279
 -9487
 28742
 17168
-24163
-23618
 17848
 28388
-10262
-31134
  1939
 31652
  6506
-29913
-14503
 26033
 21451
-20317
-26882
 13109
 30392
 -5012
-31728
 -3468
 30801
 11698
-27671
-19077
 22573
 25111
-15860
-29362
  8034
 31500
   394
-31399
 -8788
 29055
 16538
-24638
-23124
 18447
 28054
-10973
-30981
  2691
 31697
  5778
-30153
-13828
 26458
 20898
-20873
-26473
 13804
 30163
 -5744
-31702
 -2729
 30974
 11005
-28033
-18479
 23097
 24658
-16499
-29071
  8750
 31404
  -347
-31499
 -8060
 29341
 15900
-25099
-22601
 19066
 27700
-11655
-30809
  3418
 31726
  5034
-30380
-13156
 26867
 20335
-21436
-26064
 14469
 29924
 -6484
-31657
 -1989
 31128
 10306
-28379
-17871
 23600
 24177
-17150
-28767
  9450
 31285
 -1102
-31583
 -7328
 29621
 15244
-25547
-22074
 19654
 27318
-12353
-30620
  4167
 31737
  4312
-30587
-12488
 27249
 19759
-21969
-25633
 15136
 29669
 -7209
-31596
 -1236
 31262
  9601
-28705
-17252
 24098
 23698
-17770
-28434
 10168
 31152
 -1855
-31648
 -6604
 29880
 14588
-25981
-21534
 20231
 26933
-13035
-30420
  4914
 31729
  3576
-30777
-11791
 27629
 19163
-22499
-25175
 15786
 29398
 -7919
-31515
  -494
 31382
  8867
-29014
-16624
 24575
 23190
-18381
-28091
 10880
 31002
 -2596
-31695
 -5864
 30126
 13914
-26400
-20984
 20808
 26526
-13708
-30200
  5647
 31706
  2812
-30954
-11098
 27987
 18576
-23026
-24724
 16414
 29105
 -8659
-31420
   260
 31486
  8164
-29312
-15998
 25039
 22668
-18971
-27744
 11563
 30832
 -3323
-31727
 -5145
 30356
 13255
-26806
-20421
 21363
 26126
-14385
-29964
  6375
 31663
  2084
-31112
-10378
 28335
 17960
-23538
-24251
 17056
 28796
 -9372
-31308
  1015
 31573
  7433
-29585
-15332
 25482
 22144
-19571
-27377
 12263
 30652
 -4073
-31740
 -4411
 30558
 12554
-27209
-19838
 21915
 25683
-15043
-29707
  7101
 31604
  1343
-31250
 -9685
 28657
 17343
-24031
-23767
 17688
 28488
-10066
-31172
  1757
 31639
  6697
-29846
-14677
 25925
 21605
-20160
-26994
 12944
 30451
 -4821
-31736
 -3675
 30757
 11881
-27590
-19254
 22447
 25248
-15703
-29434
  7834
 31527
   588
-31373
 -8964
 28980
 16707
-24518
-23268
 18301
 28143
-10779
-31024
  2485
 31691
  5970
-30096
-14016
 26346
 21057
-20720
-26590
 13619
 30230
 -5541
-31714
 -2924
 30932
 11178
-27950
-18639
 22957
 24784
-16356
-29148
  8564
 31436
  -165
-31479
 -8249
 29270
 16060
-24990
-22748
 18903
 27792
-11475
-30862
  3237
 31724
  5239
-30331
-13346
 26767
 20487
-21295
-26178
 14308
 29988
 -6283
-31674
 -2184
 31091
 10479
-28296
-18044
 23465
 24306
-16977
-28852
  9266
 31323
  -907
-31567
 -7518
 29554
 15416
-25442
-22216
 19504
 27420
-12188
-30680
  3987
 31740
  4494
-30536
-12657
 27153
 19905
-21839
-25745
 14956
 29742
 -7020
-31618
 -1430
 31233
  9765
-28625
-17428
 23975
 23830
-17600
-28530
  9996
 31193
 -1661
-31637
 -6807
 29821
 14763
-25873
-21681
 20075
 27046
-12870
-30479
  4735
 31738
  3757
-30737
-11974
 27536
 19321
-22373
-25303
 15618
 29470
 -7731
-31543
  -688
 31359
  9056
-28938
-16803
 24456
 23326
-18224
-28192
 10687
 31048
 -2402
-31691
 -6056
 30065
 14091
-26309
-21123
 20654
 26650
-13545
-30264
  5456
 31719
  3019
-30917
-11283
 27905
 18717
-22903
-24849
 16261
 29187
 -8461
-31452
    54
 31468
  8354
-29237
-16158
 24915
 22816
-18837
-27843
 11383
 30886
 -3130
-31726
 -5325
 30296
 13433
-26712
-20564
 21231
 26240
-14203
-30032
  6197
 31681
  2267
-31076
-10586
 28246
 18122
-23411
-24373
 16894
 28882
 -9186
-31343
   808
 31556
  7623
-29523
-15504
 25376
 22286
-19421
-27480
 12085
 30706
 -3892
-31744
 -4604
 30513
 12746
-27107
-19994
 21777
 25809
-14874
-29776
  6924
 31627
  1514
-31220
 -9872
 28578
 17509
-23915
-23899
 17518
 28573
 -9894
-31217
  1538
 31630
  6901
-29789
-14842
 25823
 21743
-20012
-27094
 12780
 30507
 -4629
-31744
 -3868
 30713
 12074
-27486
-19402
 22313
 25363
-15536
-29520
  7635
 31556
   783
-31346
 -9163
 28894
 16874
-24397
-23404
 18153
 28236
-10586
-31072
  2292
 31685
  6163
-30042
-14193
 26248
 21205
-20583
-26700
 13456
 30290
 -5350
-31727
 -3130
 30893
 11362
-27857
-18810
 22835
 24910
-16191
-29229
  8366
 31465
    41
-31458
 -8450
 29199
 16241
-24866
-22879
 18758
 27884
-11295
-30912
  3055
 31723
  5432
-30274
-13524
 26660
 20628
-21154
-26292
 14125
 30064
 -6080
-31692
 -2367
 31054
 10665
-28205
-18197
 23337
 24443
-16826
-28932
  9080
 31359
  -713
-31552
 -7721
 29487
 15599
-25329
-22359
 19343
 27528
-12009
-30732
  3794
 31743
  4687
-30487
-12849
 27062
 20069
-21701
-25869
 14798
 29814
 -6831
-31640
 -1637
 31205
  9951
-28539
-17583
 23843
 23954
-17451
-28614
  9813
 31236
 -1455
-31625
 -6987
 29755
 14948
-25770
-21834
 19936
 27151
-12694
-30538
  4519
 31746
  3951
-30690
-12156
 27444
 19478
-22238
-25432
 15451
 29551
 -7544
-31570
  -871
 31335
  9256
-28862
-16960
 24335
 23462
-18067
-28290
 10516
 31090
 -2196
-31683
 -6260
 30011
 14290
-26197
-21272
 20500
 26759
-13371
-30327
  5252
 31731
  3213
-30874
-11456
 27810
 18897
-22771
-24973
 16096
 29268
 -8274
-31484
  -128
 31446
  8531
-29169
-16338
 24805
 22955
-18683
-27941
 11203
 30935
 -2961
-31723
 -5530
 30245
 13601
-26610
-20725
 21079
 26339
-14030
-30100
  6007
 31697
  2474
-31040
-10760
 28167
 18285
-23291
-24509
 16732
 28972
 -9001
-31378
   601
 31539
  7813
-29455
-15677
 25263
 22427
-19278
-27586
 11906
 30756
 -3687
-31745
 -4785
 30466
 12937
-27008
-20147
 21639
 25918
-14715
-29851
  6723
 31647
  1709
-31190
-10058
 28507
 17652
-23781
-24022
 17369
 28661
 -9711
-31254
  1356
 31616
  7080
-29720
-15016
 25706
 21896
-19864
-27205
 12603
 30567
 -4448
-31750
 -4063
 30667
 12245
-27404
-19558
 22167
 25482
-15358
-29590
  7459
 31580
   978
-31319
 -9351
 28826
 17052
-24275
-23530
 17975
 28328
-10427
-31115
  2097
 31677
  6354
-29978
-14368
 26134
 21344
-20447
-26809
 13270
 30355
 -5170
-31737
 -3313
 30852
 11556
-27766
-18978
 22694
 25033
-16014
-29313
  8179
 31494
   236
-31434
 -8615
 29125
 16411
-24740
-23025
 18603
 27980
-11126
-30959
  2862
 31718
  5625
-30218
-13702
 26549
 20779
-21010
-26410
 13963
 30129
 -5902
-31706
 -2561
 31022
 10850
-28119
-18377
 23215
 24561
-16662
-29010
  8906
 31392
  -531
-31530
 -7898
 29423
 15770
-25207
-22499
 19200
 27627
-11829
-30786
  3577
 31743
  4880
-30442
-13029
 26963
 20221
-21570
-25984
 14627
 29883
 -6642
-31658
 -1832
 31169
 10137
-28457
-17746
 23715
 24092
-17279
-28700
  9616
 31271
 -1273
-31611
 -7177
 29686
 15110
-25658
-21978
 19786
 27248
-12493
-30594
  4326
 31750
  4145
-30642
-12336
 27354
 19634
-22100
-25536
 15271
 29625
 -7366
-31592
 -1065
 31302
  9443
-28784
-17136
 24211
 23586
-17898
-28375
 10333
 31133
 -2003
-31673
 -6451
 29944
 14443
-26082
-21427
 20362
 26859
-13195
-30383
  5061
 31739
  3395
-30828
-11649
 27723
 19045
-22627
-25088
 15918
 29345
 -8087
-31511
  -323
 31419
  8719
-29094
-16496
 24677
 23082
-18517
-28035
 11045
 30979
 -2767
-31717
 -5723
 30187
 13777
-26512
-20873
 20935
 26456
-13867
-30159
  5817
 31711
  2656
-31003
-10954
 28072
 18435
-23143
-24626
 16567
 29058
 -8815
-31409
   431
 31517
  8003
-29384
-15857
 25145
 22575
-19115
-27672
 11715
 30809
 -3494
-31743
 -4990
 30413
 13105
-26914
-20289
 21497
 26038
-14521
-29915
  6544
 31664
  1915
-31152
-10232
 28416
 17826
-23653
-24150
 17206
 28746
 -9526
-31292
  1149
 31600
  7282
-29653
-15210
 25592
 22037
-19721
-27300
 12413
 30617
 -4231
-31752
 -4256
 30617
 12413
-27300
-19721
 22029
 25599
-15187
-29657
  7258
 31600
  1173
-31288
 -9526
 28746
 17196
-24150
-23661
 17826
 28416
-10232
-31152
  1903
 31665
  6557
-29918
-14542
 26038
 21488
-20289
-26907
 13093
 30413
 -4978
-31743
 -3518
 30809
 11726
-27678
-19124
 22558
 25153
-15846
-29388
  7991
 31519
   419
-31409
 -8815
 29053
 16567
-24626
-23151
 18435
 28083
-10944
-31000
  2644
 31710
  5817
-30155
-13878
 26449
 20944
-20864
-26512
 13788
 30191
 -5723
-31717
 -2743
 30976
 11021
-28029
-18526
 23090
 24692
-16486
-29094
  8719
 31419
  -323
-31510
 -8087
 29344
 15928
-25095
-22636
 19045
 27723
-11638
-30831
  3395
 31738
  5061
-30386
-13195
 26853
 20371
-21409
-26089
 14443
 29948
 -6440
-31673
 -2027
 31131
 10333
-28374
-17908
 23585
 24218
-17126
-28783
  9431
 31304
 -1065
-31592
 -7366
 29619
 15271
-25536
-22100
 19642
 27347
-12325
-30645
  4132
 31749
  4338
-30589
-12505
 27247
 19795
-21969
-25658
 15100
 29689
 -7177
-31611
 -1284
 31271
  9628
-28695
-17290
 24084
 23715
-17746
-28461
 10137
 31173
 -1808
-31658
 -6654
 29883
 14615
-25970
-21561
 20211
 26969
-13007
-30438
  4868
 31742
  3601
-30783
-11819
 27627
 19209
-22490
-25206
 15749
 29417
 -7910
-31533
  -531
 31390
  8917
-29014
-16662
 24561
 23224
-18367
-28124
 10838
 31018
 -2561
-31705
 -5902
 30125
 13963
-26403
-21001
 20779
 26563
-13680
-30222
  5600
 31718
  2862
-30956
-11126
 27979
 18602
-23025
-24754
 16410
 29134
 -8626
-31438
   223
 31494
  8179
-29313
-16025
 25025
 22710
-18958
-27772
 11533
 30848
 -3300
-31736
 -5183
 30351
 13270
-26809
-20447
 21334
 26148
-14357
-29982
  6354
 31676
  2110
-31115
-10427
 28323
 17995
-23522
-24282
 17030
 28821
 -9340
-31323
   954
 31579
  7470
-29589
-15369
 25489
 22184
-19567
-27403
 12244
 30667
 -4038
-31749
 -4448
 30564
 12614
-27192
-19872
 21887
 25705
-15037
-29729
  7091
 31616
  1380
-31254
 -9711
 28661
 17379
-24021
-23781
 17652
 28502
-10035
-31192
  1709
 31646
  6723
-29850
-14714
 25911
 21638
-20138
-27014
 12915
 30463
 -4785
-31745
 -3687
 30755
 11906
-27580
-19278
 22427
 25262
-15676
-29459
  7813
 31538
   625
-31377
 -9001
 28971
 16742
-24501
-23283
 18275
 28166
-10748
-31039
  2462
 31697
  6007
-30099
-14051
 26338
 21089
-20715
-26610
 13601
 30248
 -5530
-31723
 -2961
 30931
 11214
-27940
-18683
 22946
 24804
-16318
-29169
  8519
 31446
  -128
-31481
 -8286
 29267
 16106
-24973
-22779
 18886
 27815
-11455
-30874
  3201
 31730
  5276
-30322
-13371
 26753
 20509
-21272
-26197
 14267
 30014
 -6260
-31683
 -2209
 31090
 10505
-28289
-18077
 23452
 24334
-16950
-28867
  9244
 31331
  -859
-31567
 -7555
 29551
 15440
-25417
-22255
 19478
 27443
-12133
-30689
  3939
 31745
  4519
-30534
-12682
 27145
 19946
-21817
-25770
 14927
 29763
 -6986
-31626
 -1467
 31232
  9801
-28618
-17461
 23946
 23843
-17582
-28550
  9940
 31201
 -1613
-31638
 -6844
 29809
 14808
-25862
-21710
 20068
 27068
-12827
-30493
  4687
 31743
  3782
-30731
-12009
 27528
 19362
-22350
-25329
 15599
 29482
 -7696
-31552
  -713
 31357
  9080
-28927
-16825
 24426
 23345
-18196
-28211
 10653
 31058
 -2354
-31692
 -6105
 30056
 14136
-26291
-21153
 20628
 26659
-13514
-30277
  5420
 31723
  3055
-30909
-11295
 27890
 18758
-22879
-24874
 16221
 29199
 -8427
-31457
    17
 31467
  8377
-29225
-16180
 24909
 22826
-18809
-27868
 11350
 30895
 -3106
-31726
 -5362
 30293
 13467
-26700
-20593
 21196
 26248
-14170
-30041
  6150
 31685
  2316
-31072
-10610
 28236
 18143
-23379
-24404
 16874
 28909
 -9151
-31348
   783
 31554
  7647
-29515
-15536
 25355
 22312
-19392
-27492
 12040
 30709
 -3857
-31743
 -4629
 30507
 12780
-27088
-20012
 21743
 25822
-14841
-29789
  6889
 31631
  1562
-31215
 -9894
 28567
 17529
-23890
-23915
 17499
 28583
 -9860
-31224
  1514
 31627
  6924
-29776
-14885
 25809
 21768
-19984
-27113
 12735
 30513
 -4604
-31744
 -3905
 30706
 12085
-27480
-19431
 22277
 25376
-15504
-29523
  7623
 31558
   820
-31339
 -9186
 28888
 16915
-24365
-23403
 18113
 28257
-10563
-31076
  2267
 31681
  6197
-30028
-14224
 26227
 21231
-20564
-26719
 13411
 30302
 -5338
-31726
 -3154
 30886
 11395
-27844
-18828
 22800
 24930
-16148
-29241
  8342
 31468
    54
-31450
 -8473
 29182
 16261
-24841
-22903
 18727
 27905
-11272
-30915
  2995
 31718
  5456
-30264
-13545
 26637
 20663
-21133
-26310
 14091
 30069
 -6057
-31690
 -2391
 31045
 10687
-28198
-18234
 23326
 24456
-16782
-28945
  9056
 31362
  -688
-31544
 -7755
 29475
 15619
-25311
-22382
 19331
 27537
-11952
-30735
  3757
 31738
  4722
-30480
-12858
 27046
 20085
-21681
-25887
 14763
 29827
 -6783
-31638
 -1649
 31191
  9996
-28525
-17601
 23823
 23983
-17418
-28631
  9765
 31237
 -1418
-31618
 -7020
 29737
 14967
-25745
-21840
 19895
 27154
-12658
-30546
  4481
 31741
  3987
-30681
-12176
 27421
 19504
-22208
-25443
 15417
 29555
 -7507
-31569
  -920
 31322
  9289
-28848
-16988
 24315
 23482
-18024
-28296
 10480
 31091
 -2172
-31676
 -6306
 29997
 14308
-26179
-21295
 20496
 26774
-13324
-30332
  5240
 31726
  3249
-30861
-11487
 27787
 18922
-22749
-24983
 16061
 29276
 -8238
-31482
  -165
 31435
  8553
-29144
-16345
 24785
 22976
-18639
-27946
 11178
 30933
 -2912
-31715
 -5553
 30228
 13642
-26591
-20747
 21048
 26360
-14005
-30105
  5970
 31692
  2510
-31025
-10803
 28149
 18301
-23253
-24511
 16697
 28976
 -8976
-31374
   588
 31528
  7847
-29435
-15715
 25241
 22440
-19245
-27586
 11870
 30761
 -3662
-31737
 -4833
 30448
 12956
-26983
-20161
 21589
 25940
-14678
-29851
  6710
 31642
  1744
-31178
-10090
 28479
 17679
-23751
-24032
 17333
 28669
 -9685
-31253
  1331
 31606
  7101
-29709
-15055
 25678
 21907
-19830
-27210
 12554
 30566
 -4387
-31742
 -4086
 30649
 12274
-27372
-19581
 22135
 25490
-15333
-29591
  7422
 31573
  1015
-31306
 -9372
 28798
 17057
-24237
-23540
 17951
 28337
-10389
-31111
  2073
 31664
  6388
-29965
-14397
 26113
 21364
-20413
-26814
 13233
 30353
 -5133
-31729
 -3336
 30834
 11586
-27740
-18982
 22669
 25048
-15988
-29314
  8153
 31490
   260
-31422
 -8660
 29107
 16437
-24717
-23027
 18568
 27989
-11088
-30956
  2825
 31708
  5647
-30198
-13719
 26535
 20809
-20976
-26409
 13915
 30127
 -5864
-31699
 -2608
 31006
 10881
-28105
-18392
 23191
 24569
-16615
-29021
  8868
 31388
  -494
-31517
 -7931
 29400
 15776
-25183
-22517
 19164
 27625
-11781
-30785
  3552
 31731
  4915
-30418
-13058
 26941
 20233
-21518
-25983
 14589
 29886
 -6604
-31651
 -1844
 31151
 10180
-28436
-17781
 23692
 24109
-17253
-28712
  9579
 31268
 -1236
-31599
 -7210
 29667
 15148
-25621
-21988
 19751
 27258
-12478
-30589
  4288
 31739
  4179
-30625
-12354
 27325
 19665
-22075
-25556
 15245
 29627
 -7340
-31586
 -1115
 31289
  9451
-28758
-17141
 24179
 23602
-17861
-28381
 10295
 31130
 -1965
-31658
 -6473
 29926
 14470
-26059
-21438
 20327
 26869
-13157
-30383
  5023
 31729
  3431
-30812
-11667
 27702
 19058
-22612
-25109
 15881
 29343
 -8048
-31502
  -372
 31403
  8739
-29069
-16511
 24654
 23108
-18480
-28041
 10994
 30974
 -2705
-31704
 -5745
 30169
 13805
-26483
-20875
 20900
 26460
-13818
-30160
  5779
 31700
  2691
-30981
-10962
 28051
 18468
-23118
-24648
 16550
 29052
 -8777
-31403
   382
 31503
  8023
-29364
-15862
 25114
 22583
-19098
-27680
 11699
 30804
 -3457
-31731
 -5001
 30387
 13133
-26878
-20310
 21462
 26036
-14494
-29924
  6507
 31655
  1939
-31139
-10274
 28395
 17849
-23620
-24157
 17169
 28751
 -9476
-31286
  1124
 31586
  7302
-29634
-15236
 25568
 22055
-19686
-27309
 12386
 30613
 -4206
-31740
 -4278
 30596
 12442
-27272
-19743
 21994
 25604
-15160
-29664
  7243
 31591
  1209
-31272
 -9558
 28720
 17241
-24118
-23677
 17799
 28423
-10205
-31150
  1878
 31650
  6578
-29891
-14569
 25994
 21516
-20262
-26916
 13055
 30408
 -4952
-31732
 -3517
 30789
 11755
-27650
-19137
 22541
 25166
-15819
-29386
  7964
 31511
   467
-31391
 -8858
 29028
 16603
-24601
-23176
 18408
 28079
-10905
-30997
  2630
 31697
  5850
-30136
-13884
 26419
 20955
-20829
-26508
 13729
 30187
 -5696
-31707
 -2803
 30960
 11063
-28007
-18539
 23049
 24699
-16449
-29093
  8692
 31413
  -286
-31493
 -8131
 29320
 15965
-25056
-22663
 19008
 27725
-11588
-30826
  3358
 31726
  5119
-30365
-13223
 26824
 20391
-21383
-26101
 14405
 29950
 -6425
-31665
 -2050
 31116
 10353
-28349
-17932
 23561
 24226
-17100
-28794
  9393
 31299
 -1029
-31578
 -7388
 29597
 15309
-25513
-22118
 19598
 27363
-12287
-30640
  4095
 31738
  4372
-30576
-12545
 27226
 19808
-21926
-25671
 15073
 29696
 -7139
-31605
 -1297
 31255
  9648
-28675
-17304
 24060
 23731
-17710
-28473
 10111
 31165
 -1770
-31644
 -6687
 29856
 14643
-25947
-21581
 20196
 26973
-12968
-30439
  4855
 31733
  3636
-30761
-11859
 27600
 19212
-22457
-25227
 15722
 29421
 -7872
-31525
  -555
 31376
  8939
-28986
-16687
 24530
 23233
-18321
-28132
 10812
 31019
 -2524
-31693
 -5936
 30104
 13981
-26367
-21021
 20762
 26568
-13653
-30216
  5587
 31710
  2885
-30942
-11156
 27959
 18617
-22992
-24770
 16364
 29130
 -8589
-31431
   187
 31479
  8211
-29285
-16051
 24995
 22720
-18933
-27781
 11507
 30851
 -3275
-31725
 -5193
 30331
 13310
-26774
-20459
 21310
 26161
-14331
-29985
  6316
 31668
  2134
-31099
-10459
 28309
 18020
-23490
-24283
 17005
 28828
 -9302
-31318
   942
 31566
  7492
-29572
-15396
 25453
 22195
-19533
-27402
 12195
 30665
 -4013
-31740
 -4459
 30542
 12622
-27166
-19876
 21854
 25726
-14989
-29733
  7054
 31611
  1392
-31236
 -9754
 28642
 17384
-23992
-23799
 17638
 28510
-10009
-31188
  1671
 31635
  6769
-29830
-14732
 25889
 21659
-20104
-27027
 12889
 30468
 -4748
-31738
 -3735
 30739
 11949
-27549
-19292
 22386
 25285
-15651
-29461
  7776
 31534
   662
-31362
 -9034
 28945
 16769
-24464
-23310
 18240
 28181
-10722
-31042
  2413
 31686
  6030
-30080
-14070
 26319
 21092
-20673
-26623
 13575
 30249
 -5481
-31717
 -2984
 30918
 11235
-27910
-18698
 22924
 24822
-16282
-29181
  8493
 31442
   -92
-31469
 -8308
 29241
 16134
-24945
-22782
 18853
 27826
-11430
-30876
  3176
 31722
  5287
-30305
-13390
 26727
 20533
-21240
-26219
 14232
 30016
 -6211
-31679
 -2244
 31078
 10537
-28267
-18093
 23431
 24353
-16916
-28877
  9218
 31332
  -835
-31557
 -7601
 29531
 15480
-25405
-22259
 19455
 27450
-12108
-30696
  3914
 31738
  4566
-30525
-12724
 27120
 19970
-21795
-25787
 14913
 29766
 -6949
-31622
 -1491
 31223
  9834
-28593
-17488
 23918
 23862
-17549
-28561
  9915
 31208
 -1588
-31630
 -6866
 29796
 14817
-25836
-21715
 20027
 27070
-12791
-30495
  4662
 31738
  3817
-30718
-12018
 27499
 19378
-22329
-25332
 15554
 29501
 -7684
-31551
  -737
 31348
  9137
-28912
-16843
 24400
 23366
-18164
-28229
 10629
 31062
 -2329
-31684
 -6140
 30040
 14167
-26261
-21168
 20607
 26675
-13490
-30281
  5383
 31720
  3092
-30896
-11339
 27863
 18785
-22851
-24885
 16208
 29215
 -8390
-31458
    -6
 31456
  8400
-29217
-16199
 24876
 22849
-18777
-27877
 11326
 30900
 -3070
-31722
 -5398
 30279
 13498
-26671
-20609
 21158
 26259
-14148
-30046
  6126
 31684
  2340
-31061
-10643
 28217
 18172
-23361
-24418
 16842
 28917
 -9116
-31353
   735
 31546
  7682
-29494
-15556
 25331
 22337
-19381
-27502
 12016
 30717
 -3819
-31741
 -4653
 30491
 12801
-27073
-20030
 21724
 25842
-14830
-29799
  6864
 31630
  1586
-31209
 -9929
 28550
 17548
-23865
-23930
 17477
 28597
 -9825
-31225
  1489
 31621
  6971
-29761
-14916
 25786
 21786
-19964
-27131
 12700
 30521
 -4568
-31742
 -3916
 30692
 12130
-27460
-19468
 22267
 25404
-15483
-29531
  7576
 31560
   844
-31335
 -9221
 28867
 16924
-24341
-23435
 18082
 28262
-10540
-31083
  2231
 31678
  6233
-30016
-14246
 26205
 21248
-20545
-26738
 13378
 30314
 -5289
-31727
 -3167
 30877
 11429
-27819
-18866
 22791
 24938
-16116
-29256
  8307
 31472
    90
-31448
 -8508
 29168
 16281
-24826
-22920
 18688
 27923
-11238
-30923
  2971
 31718
  5492
-30250
-13579
 26624
 20682
-21097
-26330
 14059
 30081
 -6032
-31694
 -2426
 31041
 10721
-28176
-18244
 23294
 24480
-16752
-28960
  9021
 31365
  -652
-31540
 -7779
 29458
 15651
-25275
-22409
 19302
 27562
-11929
-30747
  3721
 31738
  4758
-30470
-12893
 27028
 20123
-21655
-25909
 14721
 29832
 -6747
-31643
 -1698
 31190
 10032
-28511
-17642
 23800
 23993
-17379
-28642
  9731
 31244
 -1394
-31616
 -7057
 29727
 14989
-25718
-21877
 19877
 27186
-12626
-30551
  4470
 31743
  4023
-30671
-12211
 27404
 19534
-22183
-25466
 15375
 29571
 -7484
-31574
  -932
 31319
  9313
-28830
-17020
 24285
 23500
-18015
-28321
 10447
 31102
 -2147
-31675
 -6319
 29984
 14332
-26154
-21324
 20461
 26783
-13303
-30342
  5192
 31730
  3286
-30861
-11511
 27778
 18934
-22709
-25009
 16031
 29288
 -8227
-31489
  -189
 31431
  8588
-29132
-16378
 24757
 22986
-18622
-27972
 11156
 30947
 -2876
-31717
 -5602
 30219
 13654
-26575
-20760
 21023
 26377
-13974
-30112
  5923
 31698
  2534
-31027
-10827
 28130
 18333
-23239
-24536
 16668
 28989
 -8918
-31386
   540
 31529
  7872
-29429
-15749
 25222
 22476
-19218
-27602
 11849
 30768
 -3639
-31741
 -4858
 30443
 12981
-26973
-20192
 21574
 25950
-14648
-29868
  6662
 31649
  1793
-31173
-10126
 28477
 17732
-23738
-24059
 17295
 28689
 -9640
-31262
  1295
 31607
  7150
-29696
-15089
 25667
 21947
-19814
-27227
 12534
 30581
 -4363
-31747
 -4111
 30645
 12300
-27358
-19624
 22121
 25523
-15314
-29605
  7399
 31583
  1027
-31306
 -9408
 28798
 17101
-24234
-23568
 17923
 28353
-10357
-31124
  2049
 31669
  6424
-29959
-14421
 26097
 21395
-20379
-26845
 13213
 30370
 -5110
-31736
 -3385
 30831
 11600
-27733
-19005
 22657
 25060
-15950
-29328
  8119
 31501
   284
-31421
 -8685
 29103
 16460
-24707
-23073
 18541
 28012
-11056
-30973
  2789
 31713
  5684
-30193
-13755
 26520
 20841
-20962
-26434
 13896
 30145
 -5854
-31706
 -2646
 31000
 10917
-28087
-18415
 23171
 24605
-16598
-29037
  8835
 31396
  -457
-31521
 -7968
 29392
 15810
-25174
-22539
 19139
 27660
-11750
-30796
  3528
 31738
  4952
-30418
-13083
 26928
 20265
-21505
-26009
 14560
 29904
 -6570
-31661
 -1893
 31154
 10194
-28432
-17805
 23664
 24130
-17226
-28723
  9546
 31280
 -1199
-31602
 -7235
 29669
 15162
-25612
-22011
 19727
 27277
-12436
-30603
  4253
 31746
  4217
-30625
-12391
 27314
 19679
-22046
-25584
 15217
 29643
 -7295
-31597
 -1139
 31288
  9488
-28754
-17176
 24169
 23640
-17845
-28400
 10252
 31143
 -1941
-31664
 -6511
 29925
 14496
-26051
-21469
 20313
 26889
-13138
-30401
  5000
 31738
  3467
-30814
-11704
 27679
 19101
-22583
-25138
 15864
 29370
 -8039
-31513
  -408
 31408
  8777
-29067
-16546
 24644
 23130
-18466
-28060
 10951
 30990
 -2694
-31710
 -5782
 30165
 13842
-26469
-20907
 20868
 26487
-13811
-30179
  5744
 31711
  2728
-30986
-10999
 28035
 18493
-23099
-24669
 16524
 29079
 -8743
-31414
   345
 31508
  8048
-29353
-15908
 25114
 22616
-19064
-27706
 11668
 30818
 -3421
-31738
 -5062
 30388
 13159
-26865
-20352
 21432
 26064
-14476
-29940
  6485
 31666
  1976
-31138
-10299
 28387
 17884
-23610
-24195
 17154
 28774
 -9455
-31297
  1088
 31591
  7329
-29628
-15261
 25554
 22079
-19662
-27335
 12355
 30631
 -4182
-31749
 -4315
 30599
 12480
-27260
-19767
 21992
 25640
-15143
-29676
  7209
 31606
  1247
-31276
 -9595
 28712
 17266
-24100
-23700
 17763
 28453
-10174
-31164
  1842
 31656
  6615
-29887
-14605
 25994
 21531
-20240
-26950
 13037
 30424
 -4905
-31741
 -3579
 30785
 11793
-27640
-19181
 22513
 25187
-15792
-29404
  7920
 31525
   503
-31396
 -8884
 29026
 16628
-24585
-23207
 18374
 28104
-10886
-31014
  2595
 31703
  5888
-30133
-13943
 26413
 20988
-20817
-26543
 13721
 30208
 -5650
-31717
 -2815
 30963
 11089
-27997
-18584
 23038
 24729
-16432
-29116
  8648
 31429
  -262
-31499
 -8146
 29314
 15990
-25056
-22686
 18994
 27750
-11569
-30843
  3322
 31735
  5145
-30363
-13261
 26825
 20425
-21371
-26128
 14398
 29966
 -6379
-31676
 -2075
 31119
 10401
-28340
-17957
 23535
 24256
-17063
-28812
  9361
 31311
 -1017
-31584
 -7437
 29596
 15334
-25498
-22142
 19574
 27389
-12279
-30658
  4085
 31746
  4398
-30571
-12571
 27214
 19832
-21914
-25699
 15045
 29713
 -7129
-31615
 -1345
 31256
  9697
-28667
-17350
 24035
 23771
-17695
-28487
 10067
 31178
 -1759
-31651
 -6701
 29856
 14690
-25934
-21604
 20163
 26999
-12961
-30457
  4807
 31742
  3661
-30767
-11874
 27589
 19247
-22446
-25248
 15695
 29443
 -7838
-31537
  -579
 31379
  8976
-28984
-16713
 24522
 23272
-18296
-28156
 10780
 31032
 -2500
-31701
 -5986
 30105
 14017
-26361
-21064
 20741
 26594
-13624
-30239
  5553
 31720
  2923
-30941
-11182
 27950
 18660
-22965
-24792
 16347
 29152
 -8556
-31445
   163
 31484
  8249
-29283
-16066
 24979
 22744
-18909
-27800
 11487
 30866
 -3251
-31734
 -5243
 30331
 13347
-26768
-20501
 21288
 26175
-14302
-30000
  6294
 31679
  2170
-31102
-10495
 28294
 18045
-23480
-24321
 16989
 28851
 -9269
-31329
   905
 31572
  7542
-29562
-15432
 25437
 22227
-19509
-27439
 12176
 30681
 -3965
-31748
 -4508
 30542
 12669
-27160
-19919
 21841
 25754
-14950
-29744
  7019
 31621
  1429
-31242
 -9780
 28628
 17429
-23981
-23829
 17612
 28527
 -9977
-31202
  1648
 31639
  6806
-29828
-14756
 25875
 21674
-20099
-27052
 12870
 30482
 -4725
-31745
 -3760
 30740
 11962
-27543
-19336
 22365
 25305
-15612
-29481
  7731
 31546
   686
-31364
 -9071
 28946
 16782
-24461
-23339
 18235
 28194
-10701
-31057
  2389
 31692
  6067
-30075
-14117
 26304
 21134
-20659
-26656
 13545
 30266
 -5459
-31725
 -3022
 30917
 11271
-27899
-18731
 22904
 24850
-16254
-29192
  8460
 31454
   -56
-31471
 -8345
 29243
 16158
-24927
-22813
 18818
 27850
-11386
-30891
  3141
 31727
  5324
-30305
-13437
 26713
 20564
-21226
-26245
 14213
 30029
 -6200
-31686
 -2281
 31077
 10585
-28256
-18137
 23412
 24381
-16898
-28887
  9185
 31344
  -811
-31561
 -7614
 29524
 15514
-25380
-22290
 19421
 27473
-12099
-30710
  3879
 31744
  4590
-30521
-12749
 27113
 19993
-21772
-25813
 14873
 29784
 -6926
-31631
 -1528
 31222
  9871
-28587
-17512
 23907
 23882
-17532
-28582
  9893
 31215
 -1540
-31635
 -6891
 29793
 14862
-25826
-21755
 20002
 27093
-12771
-30511
  4614
 31744
  3855
-30713
-12054
 27491
 19401
-22307
-25366
 15524
 29514
 -7637
-31559
  -774
 31348
  9161
-28902
-16888
 24396
 23395
-18146
-28245
 10596
